acc_x,acc_y,acc_z,bvp,eda,hr,temp,label
0.0,0.0,0.0,0.0,0.0,0.0,25.21,0
-0.0494791641831398,-0.1328124850988388,0.0859374925494194,0.1933333128690719,0.0834949985146522,12.499999046325684,25.21,0
-0.1158536598086357,-0.2983993887901306,0.1970274299383163,0.7558536529541016,0.1955004930496215,29.268293380737305,25.21,0
-0.1686046570539474,-0.4723318219184875,0.3036233186721802,1.6119269132614136,0.2929259836673736,43.85382080078125,25.21,0
-0.1910747587680816,-0.583210289478302,0.376052588224411,2.280892372131348,0.3640031516551971,54.4947509765625,25.21,0
-0.2117776721715927,-0.6527900099754333,0.4086211025714874,2.29111909866333,0.4121253788471222,61.6991081237793,25.21,0
-0.2309148460626602,-0.7151035070419312,0.4466499388217926,1.0255085229873655,0.4437004923820495,66.42620086669922,25.21,0
-0.2544677257537842,-0.7443022727966309,0.4545413553714752,-1.9509122371673584,0.4641501307487488,69.48770904541016,25.21,0
-0.2808201611042022,-0.7854719758033752,0.4484444558620453,-6.183018207550049,0.4796154797077179,71.45984649658203,25.21,0
-0.3145419359207153,-0.8566906452178955,0.5116614103317261,-10.84742259979248,0.489555686712265,72.72742462158203,25.21,0
-0.319407045841217,-0.8520556092262268,0.4739056825637817,-15.905776977539062,0.4959388375282287,73.5414047241211,25.21,0
-0.3337244987487793,-0.8546775579452515,0.4440725743770599,-21.896787643432617,0.5000362396240234,74.06391143798828,25.21,0
-0.3261209726333618,-0.8451652526855469,0.4361204504966736,-28.86935806274414,0.5026660561561584,74.39926147460938,25.21,0
-0.3156435489654541,-0.8446582555770874,0.4254193007946014,-36.37137985229492,0.5043537616729736,74.6144790649414,25.21,0
-0.3257128298282623,-0.8275396823883057,0.4129540622234344,-44.54268646240234,0.5054368376731873,74.75259399414062,25.21,0
-0.3377725183963775,-0.8445426821708679,0.4049545228481293,-54.36153411865234,0.5061319470405579,74.84123229980469,25.21,0
-0.3455117642879486,-0.8554542064666748,0.4054186344146728,-66.27661895751953,0.505659818649292,74.89810943603516,25.21,0
-0.333685040473938,-0.8512610793113708,0.4057164788246155,-79.22883605957031,0.5053567886352539,74.93461608886719,25.21,0
-0.3428886532783508,-0.8597657084465027,0.3891142904758453,-92.02979278564452,0.5051623582839966,74.95803833007812,25.21,0
-0.343197226524353,-0.8540279865264893,0.3840577304363251,-105.24598693847656,0.5050375461578369,74.97306823730469,25.21,0
-0.3433952629566192,-0.8503457903862,0.3808127343654632,-120.56293487548828,0.5049574971199036,74.98271942138672,25.21,0
-0.3435223400592804,-0.8479828238487244,0.3787302672863006,-139.33099365234375,0.5049061179161072,74.98890686035156,25.21,0
-0.3380061388015747,-0.8408685922622681,0.3717961013317108,-161.11270141601562,0.5048730969429016,74.99288177490234,25.21,0
-0.3344661593437195,-0.8419008851051331,0.3617483675479889,-179.8987579345703,0.5048519372940063,74.99542999267578,25.21,0
-0.3321943879127502,-0.8369655609130859,0.3553003072738647,-183.43878173828125,0.5039204955101013,74.9970703125,25.21,0
-0.3307364881038666,-0.8282005786895752,0.3455645442008972,-161.8828582763672,0.5033227205276489,74.99812316894531,25.21,0
-0.3242031335830688,-0.8169779777526855,0.3393166959285736,-115.04682159423828,0.5029391050338745,74.99879455566406,25.21,0
-0.3144126236438751,-0.8153737187385559,0.3241116404533386,-48.97093200683594,0.5026929378509521,74.99922943115234,25.21,0
-0.2969340980052948,-0.8255397081375122,0.3087561428546905,26.39604377746582,0.5025349855422974,74.99950408935547,25.21,0
-0.2801195979118347,-0.8376614451408386,0.2989018559455871,94.8927230834961,0.5024335980415344,74.99967956542969,25.21,0
-0.2805245816707611,-0.8454405069351196,0.2813823819160461,141.4903106689453,0.5023685097694397,74.99979400634766,25.21,0
-0.2863822281360626,-0.8560304045677185,0.2701393961906433,164.3004608154297,0.5023267865180969,74.99987030029297,25.21,0
-0.306934654712677,-0.8684241771697998,0.2685220837593078,171.98492431640625,0.502299964427948,72.25208282470703,25.19,0
-0.3201240301132202,-0.8651822209358215,0.2618864178657532,172.4703826904297,0.5022827982902527,70.48870849609375,25.19,0
-0.3285882174968719,-0.8686994910240173,0.2576280236244201,170.0663299560547,0.5022717714309692,69.3570785522461,25.19,0
-0.3284222781658172,-0.9269344210624696,0.2548952400684356,167.78912353515625,0.502264678478241,68.630859375,25.19,0
-0.3227179944515228,-0.953110694885254,0.2643370330333709,166.68959045410156,0.502260148525238,68.1648178100586,25.19,0
-0.3134595453739166,-0.9531158208847046,0.2815917730331421,166.4353790283203,0.502257227897644,67.86573791503906,25.19,0
-0.2907246947288513,-0.958716869354248,0.3150559663772583,168.131591796875,0.5022553205490112,67.6738052368164,25.19,0
-0.2705369889736175,-0.9455180168151855,0.3477269113063812,173.64102172851562,0.5022541284561157,67.5506362915039,25.19,0
-0.2463861405849456,-0.9034610986709596,0.3518999218940735,182.0776214599609,0.5013351440429688,67.47159576416016,25.19,0
-0.2364852875471115,-0.8540802597999573,0.3489801585674286,190.20733642578125,0.500745415687561,67.42086791992188,25.19,0
-0.2693158984184265,-0.8223904967308044,0.3079220056533813,196.4742126464844,0.5003669261932373,67.38831329345703,25.19,0
-0.3295691311359405,-0.8300427198410034,0.2423888146877288,202.3123016357422,0.5001240372657776,67.36742401123047,25.19,0
-0.3906272649765014,-0.8517467975616455,0.1891378313302993,209.8133850097656,0.4999682009220123,67.35401916503906,25.19,0
-0.4522019624710083,-0.860077440738678,0.1437688767910003,218.1954040527344,0.4998681843280792,67.34541320800781,25.19,0
-0.4861193001270294,-0.8542280197143555,0.1202514618635177,220.7944183349609,0.4998039901256561,67.33988952636719,25.19,0
-0.4742988348007202,-0.8616697192192078,0.1275504380464553,207.50506591796875,0.4997628033161163,67.33634948730469,25.19,0
-0.4107353985309601,-0.8720431923866272,0.1546255946159362,172.96363830566406,0.5011135339736938,67.33407592773438,25.19,0
-0.3475529551506042,-0.9010913372039796,0.1775986403226852,119.2201156616211,0.5019803047180176,67.3326187133789,25.19,0
-0.2790172100067138,-0.958917200565338,0.1923414319753646,50.00471115112305,0.5025365948677063,67.33168029785156,25.19,0
-0.2350349277257919,-1.007222056388855,0.1962047219276428,-28.767066955566406,0.5028935670852661,67.3310775756836,25.19,0
-0.2403962761163711,-1.1501768827438354,0.1818906366825103,-102.2825698852539,0.5031226277351379,67.3306884765625,25.19,0
-0.2942168414592743,-1.135559320449829,0.1615091413259506,-153.0682373046875,0.5032696723937988,67.3304443359375,25.19,0
-0.3399513363838196,-1.1597652435302734,0.1372339129447937,-176.4774169921875,0.5033640265464783,67.33028411865234,25.19,0
-0.3804966509342193,-1.1361148357391355,0.116057701408863,-181.0855407714844,0.5034245848655701,67.33018493652344,25.19,0
-0.417711853981018,-1.0873507261276243,0.0968702509999275,-175.53773498535156,0.5039223432540894,67.33011627197266,25.19,0
-0.4303988814353943,-1.044861078262329,0.0677635222673416,-163.71604919433594,0.5042418241500854,67.330078125,25.19,0
-0.4105518162250519,-1.0175937414169312,0.0546822771430015,-149.2331085205078,0.504446804523468,67.33004760742188,25.19,0
-0.3754239976406097,-1.0112906694412231,0.0462874881923198,-135.3029327392578,0.5045783519744873,67.33003234863281,25.19,0
-0.32489213347435,-1.0296367406845093,0.0520957447588443,-121.61643981933594,0.504662811756134,67.33002471923828,25.19,0
-0.2700725793838501,-1.0078235864639282,0.0726164728403091,-106.53865051269533,0.5047169923782349,67.33001708984375,25.19,0
-0.2180992364883422,-0.9434452056884766,0.0913832709193229,-90.99791717529295,0.5047517418861389,67.33000946044922,25.19,0
-0.2183323800563812,-0.8797397613525391,0.1034267172217369,-77.34905242919922,0.5047740340232849,67.33000946044922,25.19,0
-0.235275313258171,-0.8388572931289673,0.105557732284069,-65.9639663696289,0.5043294429779053,65.77874755859375,25.19,0
-0.2685394287109375,-0.8014256954193115,0.1013275235891342,-55.4011116027832,0.5040441155433655,64.78324127197266,25.19,0
-0.295484185218811,-0.777404248714447,0.093015044927597,-45.125885009765625,0.5038610100746155,64.14437866210938,25.19,0
-0.2959824502468109,-0.7787820100784302,0.0932783484458923,-36.18166732788086,0.5037435293197632,63.7343978881836,25.19,0
-0.279508888721466,-0.7964594960212708,0.0990450978279113,-29.27744674682617,0.5036681294441223,63.47129440307617,25.19,0
-0.2689371109008789,-0.8301950097084045,0.1083436384797096,-23.71103858947754,0.5036197304725647,63.30244827270508,25.19,0
-0.2565549612045288,-0.9078222513198853,0.119908683001995,-18.569669723510746,0.5035886764526367,63.194095611572266,25.19,0
-0.2486088275909423,-0.9912256002426147,0.1329282373189926,-13.901692390441896,0.503568708896637,63.12455749511719,25.19,0
-0.2435094565153122,-1.0895313024520874,0.1244901120662689,-10.18953800201416,0.5035558938980103,63.07993316650391,25.19,0
-0.2346391975879669,-1.197400450706482,0.0966839119791984,-7.370216369628906,0.5035476684570312,63.05129623413086,25.19,0
-0.2569356560707092,-1.2050490379333496,0.0788394957780838,-4.951900482177734,0.503542423248291,63.03292083740234,25.19,0
-0.3160264194011688,-1.159577488899231,0.0953768491744995,-2.762265920639038,0.5035390257835388,63.02112579345703,25.19,0
-0.3707408010959625,-1.057625412940979,0.1227828934788703,-1.1349648237228394,0.5035368800163269,63.01355743408203,25.19,0
-0.4226466715335846,-0.9642096161842346,0.1347727328538894,-0.2733679413795471,0.5035355091094971,63.00870132446289,25.19,0
-0.3440013825893402,-0.9490429162979126,0.1032827049493789,0.2222341150045395,0.5035346150398254,63.00558471679688,25.19,0
-0.2375536113977432,-0.9393097758293152,0.0662808939814567,0.9272011518478394,0.5035340189933777,63.00358581542969,25.19,0
-0.1468504667282104,-0.9162703156471252,0.0649263635277748,1.9169946908950808,0.5021564960479736,63.00230026245117,25.19,0
-0.1110334992408752,-0.8734960556030273,0.0752526521682739,2.81371545791626,0.5012724995613098,63.0014762878418,25.19,0
-0.1496237516403198,-0.7956660389900208,0.076281689107418,3.0201737880706787,0.5007051825523376,63.00094604492188,25.19,0
-0.2135731726884842,-0.7401214241981506,0.0489531978964805,2.002660036087036,0.5003411173820496,63.000606536865234,25.19,0
-0.2602100074291229,-0.721269428730011,0.0258175693452358,-0.008117826655507,0.50010746717453,63.00038909912109,25.19,0
-0.3125299513339996,-0.7371601462364197,0.0165682304650545,-1.9612959623336792,0.4999575614929199,63.000247955322266,25.19,0
-0.3684969544410705,-0.7697489857673645,0.0106325363740324,-3.1502468585968018,0.4998613595962524,63.00016021728516,25.19,0
-0.4212066829204559,-0.7906626462936401,0.0404099971055984,-3.741283416748047,0.4997996091842651,63.00010299682617,25.19,0
-0.4494349956512451,-0.8432682156562805,0.0595194548368454,-3.9593605995178223,0.4997600018978119,63.00006484985352,25.19,0
-0.4451591968536377,-0.9609940648078918,0.0605872571468353,-3.669401168823242,0.4997345805168152,63.00004196166992,25.19,0
-0.4312196969985962,-1.1540969610214231,0.0556747391819953,-2.8277103900909424,0.4997182488441467,63.00002670288086,25.19,0
-0.422274112701416,-1.2724215984344482,0.0693154856562614,-1.6928541660308838,0.4997077882289886,63.00001525878906,25.19,0
-0.3885444700717926,-1.2755844593048096,0.1172537505626678,-0.5382422804832458,0.499701052904129,63.0000114440918,25.19,0
-0.4004853963851928,-1.1824519634246826,0.1424199938774109,0.4320060312747955,0.4996967315673828,63.00000762939453,25.19,0
-0.4305394887924194,-1.12828266620636,0.1417769193649292,1.0510729551315308,0.4996939599514007,63.00000381469727,25.19,0
-0.4554242491722107,-1.188682198524475,0.0853864923119545,1.226234793663025,0.4996922016143799,63.00000381469727,25.19,0
-0.4546005129814148,-1.1490741968154907,0.0324050411581993,0.9875511527061462,0.5001499652862549,66.79753112792969,25.19,0
-0.4260830283164978,-1.123656153678894,0.0096001410856843,0.4689550101757049,0.5004437565803528,69.23456573486328,25.19,0
-0.3406088650226593,-1.0905508995056152,0.0397474654018878,-0.1003001481294632,0.5006322860717773,70.79851531982422,25.19,0
-0.2689631283283233,-1.0357192754745483,0.0758876055479049,-0.4942759275436401,0.5007532835006714,71.80216979980469,25.19,0
-0.1949961483478546,-0.9333581924438475,0.1158735901117324,-0.686203122138977,0.5008309483528137,72.44625854492188,25.19,0
-0.1475283950567245,-0.8620709776878357,0.1359365135431289,-0.7842929363250732,0.500880777835846,72.8595962524414,25.19,0
-0.1618485301733017,-0.816322922706604,0.1208228766918182,-0.8042504191398621,0.5009127259254456,73.12484741210938,25.19,0
-0.1990272402763366,-0.7701711654663086,0.0943304896354675,-0.7059981226921082,0.5009332299232483,73.29507446289062,25.19,0
-0.2228863984346389,-0.740553617477417,0.0717314258217811,-0.5247204899787903,0.5004875063896179,73.40431213378906,25.19,0
-0.2214045077562332,-0.7495356202125549,0.057228647172451,-0.3653959929943084,0.5002014636993408,73.47441864013672,25.19,0
-0.2148557305335998,-0.7888864278793335,0.0535193756222724,-0.402871161699295,0.5000178813934326,73.5194091796875,25.19,0
-0.1938597857952118,-0.9037038683891296,0.0567367523908615,-0.7386046648025513,0.499900072813034,73.54827880859375,25.19,0
-0.1747880280017852,-0.9885826706886292,0.069997027516365,-1.1725962162017822,0.4998244643211365,73.56681060791016,25.19,0
-0.1625488698482513,-1.0710418224334717,0.0617133863270282,-1.314969182014465,0.4997759461402893,73.57869720458984,25.19,0
-0.1602922528982162,-1.1183615922927856,0.0396040976047515,-0.9656791090965272,0.4997448027133941,73.5863265991211,25.19,0
-0.1868329644203186,-1.1151421070098877,0.0198178552091121,-0.1611475795507431,0.499724805355072,73.59122467041016,25.19,0
-0.2542452216148376,-1.0850871801376345,0.035109058022499,0.8423847556114197,0.4992530345916748,73.59436798095703,25.19,0
-0.3758753836154938,-1.116179585456848,0.0673131644725799,1.6153666973114014,0.4989503026008606,73.59638214111328,25.19,0
-0.4315395057201385,-1.130535125732422,0.0879799127578735,1.968119025230408,0.4987560212612152,73.5976791381836,25.19,0
-0.3609038293361664,-1.078172206878662,0.0676559954881668,2.1622519493103027,0.4986313283443451,73.5985107421875,25.19,0
-0.2595961689949035,-1.050166368484497,0.0714065954089164,2.4193906784057617,0.4985513091087341,73.59904479980469,25.19,0
-0.1498005539178848,-0.9594228267669678,0.129791259765625,2.591572523117065,0.4984999597072601,73.5993881225586,25.19,0
-0.14091557264328,-0.8564066290855408,0.1504658460617065,2.5623486042022705,0.4984669983386993,73.599609375,25.19,0
-0.1576047986745834,-0.7902967929840088,0.1469402909278869,2.471942901611328,0.4984458684921264,73.59974670410156,25.19,0
-0.2354882806539535,-0.7702623605728149,0.1054933667182922,2.2347967624664307,0.4988912343978882,73.59983825683594,25.19,0
-0.3022627234458923,-0.7686010003089905,0.0676995739340782,1.4055033922195437,0.4991770386695862,73.59989929199219,25.19,0
-0.3395169377326965,-0.7675348520278931,0.0602390132844448,-0.2157923430204391,0.4993604719638824,73.59993743896484,25.19,0
-0.3466312289237976,-0.8172305822372437,0.0610490292310714,-2.1160647869110107,0.4994781613349914,73.59996032714844,25.19,0
-0.3455989956855774,-0.8659157752990723,0.0671666264533996,-3.607826232910156,0.4995537102222442,73.5999755859375,25.19,0
-0.3785232305526733,-0.98672354221344,0.0654947757720947,-4.572318077087402,0.4996021687984466,73.59998321533203,25.19,0
-0.4164454340934753,-1.1202287673950195,0.058824099600315,-5.2127685546875,0.4996332824230194,73.59999084472656,25.19,0
-0.4575750231742859,-1.2226980924606323,0.0489454716444015,-5.437479019165039,0.4996532499790191,73.59999084472656,25.19,0
-0.4447852075099945,-1.232479214668274,0.0649970322847366,-4.951151847839356,0.500124990940094,76.36932373046875,25.21,0
-0.4309796690940857,-1.2331583499908447,0.0864935517311096,-3.643099069595337,0.5004277229309082,78.14652252197266,25.21,0
-0.4389134049415588,-1.18321430683136,0.08909323066473,-1.6500768661499023,0.5006219744682312,79.28702545166016,25.21,0
-0.4552003741264343,-1.1959452629089355,0.073968231678009,0.685789942741394,0.5007466673851013,80.01893615722656,25.21,0
-0.4544568657875061,-1.1593329906463623,0.0474685542285442,2.890582323074341,0.5008266568183899,80.48863220214844,25.21,0
-0.4371863901615143,-1.1246418952941897,0.0024737124331295,4.5777668952941895,0.5008780360221863,80.7900619506836,25.21,0
-0.392516553401947,-1.1135746240615845,-0.0208036117255687,5.456297874450684,0.5009109973907471,80.9834976196289,25.21,0
-0.2798834145069122,-1.061690092086792,0.0426271855831146,5.292825698852539,0.5009321570396423,81.10763549804688,25.21,0
-0.2076019346714019,-1.000404715538025,0.0833334177732467,4.249283790588379,0.5000278353691101,81.18730163574219,25.21,0
-0.0884447768330574,-0.9106953144073486,0.1150541082024574,2.931152582168579,0.4994475245475769,81.2384262084961,25.21,0
-0.0847476422786712,-0.8587228059768677,0.1074217483401298,1.863132119178772,0.4990751147270202,81.27123260498047,25.21,0
-0.1215594485402107,-0.8253698348999023,0.0913281887769699,1.202816128730774,0.4988361001014709,81.29228973388672,25.21,0
-0.1955631226301193,-0.7871724963188171,0.0586091727018356,0.9008708596229552,0.4986827373504638,81.30580139160156,25.21,0
-0.2430544197559356,-0.7682573795318604,0.0320142172276973,0.7321777939796448,0.4985843002796173,81.31446838378906,25.21,0
-0.2567382752895355,-0.7841076254844666,0.0149471070617437,0.2979059517383575,0.4985211491584778,81.32003021240234,25.21,0
-0.237530916929245,-0.9062349200248718,0.0039944183081388,-0.6578914523124695,0.4984806180000305,81.32360076904297,25.21,0
-0.2084114104509353,-1.0125980377197266,0.0081611620262265,-1.8982179164886477,0.4993724524974823,81.32589721679688,25.21,0
-0.1953219622373581,-1.0920512676239014,0.0276284627616405,-2.812412977218628,0.4999447762966156,81.3273696899414,25.21,0
-0.1869219094514846,-1.176626443862915,0.040121454745531,-2.997842311859131,0.500312089920044,81.32831573486328,25.21,0
-0.1927267909049987,-1.1469353437423706,0.0537365116178989,-2.6152796745300293,0.5005477666854858,81.32891845703125,25.21,0
-0.2468319982290268,-1.0607080459594729,0.0848649740219116,-2.0795843601226807,0.5006990432739258,81.32930755615234,25.21,0
-0.3151402473449707,-1.0389589071273804,0.1216347515583038,-1.656989336013794,0.5007961392402649,81.32955932617188,25.21,0
-0.3757698833942413,-1.0753815174102783,0.1508292555809021,-1.4108701944351196,0.5008584260940552,81.32971954345703,25.21,0
-0.381091833114624,-1.065168857574463,0.1527712792158126,-1.2027690410614014,0.5008984208106995,81.32981872558594,25.21,0
-0.2725516855716705,-1.0418215990066528,0.1372242271900177,-0.7897807955741882,0.4995472729206085,81.32988739013672,25.21,0
-0.1469191163778305,-0.9596654176712036,0.1664314568042755,-0.1342479884624481,0.4986802041530609,81.32992553710938,25.21,0
-0.083088681101799,-0.8565623164176941,0.1907727420330047,0.5694587230682373,0.4981237649917602,81.3299560546875,25.21,0
-0.0981037244200706,-0.7736033797264099,0.1784047037363052,1.2539246082305908,0.4977666735649109,81.32997131347656,25.21,0
-0.1357283890247345,-0.7371584177017212,0.148076519370079,2.037102699279785,0.4975374937057495,81.3299789428711,25.21,0
-0.2270470261573791,-0.7417590022087097,0.1006247624754905,2.779733896255493,0.4973904192447662,81.32998657226562,25.21,0
-0.3024433851242065,-0.7391136288642883,0.0645751804113388,2.941045045852661,0.4972960352897644,81.32999420166016,25.21,0
-0.339632898569107,-0.7374159693717957,0.0526361837983131,2.116678237915039,0.4972354769706726,81.32999420166016,25.21,0
-0.3634989857673645,-0.7867065072059631,0.0729632973670959,0.5307872891426086,0.4976555407047272,83.3111572265625,25.21,0
-0.3844126462936401,-0.8743160367012024,0.0860080644488334,-1.1568878889083862,0.4979251027107239,84.58255767822266,25.21,0
-0.4258226752281189,-1.0648853778839111,0.0943794474005699,-2.3724958896636963,0.4980981051921844,85.39846801757812,25.21,0
-0.4579950273036957,-1.1703884601593018,0.088556170463562,-2.9089879989624023,0.4982091188430786,85.92207336425781,25.21,0
-0.4562503099441528,-1.2604854106903076,0.0960146710276603,-2.837699174880981,0.4982803761959076,86.25809478759766,25.21,0
-0.4215439856052398,-1.2399356365203855,0.1231922060251236,-2.28322434425354,0.4983260929584503,86.4737319946289,25.21,0
-0.3992714881896972,-1.232345700263977,0.1518287360668182,-1.3147737979888916,0.4983554184436798,86.61211395263672,25.21,0
-0.4129671454429626,-1.1770949363708496,0.142217144370079,-0.0448317714035511,0.4983742535114288,86.70092010498047,25.21,0
-0.421756237745285,-1.1304426193237305,0.108060099184513,1.2466264963150024,0.4988452792167663,86.7579116821289,25.21,0
-0.4273965656757355,-1.083710551261902,0.0749445259571075,2.276034355163574,0.4991475641727447,86.79448699951172,25.21,0
-0.4254184365272522,-1.1041005849838257,0.0480950810015201,2.922318696975708,0.4993415474891662,86.81795501708984,25.21,0
-0.4073556363582611,-1.1283812522888184,0.0364624299108982,3.0218000411987305,0.4994660317897796,86.83301544189453,25.21,0
-0.3341884613037109,-1.0879855155944824,0.0569861344993114,2.3547961711883545,0.4995459020137787,86.84268188476562,25.21,0
-0.2144629210233688,-1.0452685356140137,0.0813526138663292,1.11350679397583,0.4995971620082855,86.84888458251953,25.21,0
-0.1208366304636001,-1.0010619163513184,0.1025873944163322,-0.0485040843486785,0.4996300637722015,86.85286712646484,25.21,0
-0.1055348664522171,-0.939105987548828,0.1106168776750564,-0.6007566452026367,0.4996511936187744,86.85542297363281,25.21,0
-0.1237039491534233,-0.8881506323814392,0.1045741885900497,-0.4894257187843323,0.5010418891906738,86.85706329345703,25.21,0
-0.1745482385158538,-0.8274616003036499,0.0839030146598815,-0.00598372425884,0.5019343495368958,86.85811614990234,25.21,0
-0.2015794068574905,-0.7885148525238037,0.0650396719574928,0.3400872349739074,0.5025070905685425,86.8587875366211,25.21,0
-0.2021331340074539,-0.8027054667472839,0.0529342666268348,0.0677802264690399,0.5028746128082275,86.85922241210938,25.21,0
-0.1800973862409591,-0.9069743752479552,0.0451657138764858,-0.8521464467048645,0.5031104683876038,86.85950469970703,25.21,0
-0.1491627842187881,-0.9738881587982178,0.0401803031563758,-1.9655585289001465,0.5032618641853333,86.85968017578125,25.21,0
-0.129310742020607,-1.0280251502990725,0.0369809530675411,-2.7481513023376465,0.5033590197563171,86.85979461669922,25.21,0
-0.1445597112178802,-1.0515716075897217,0.046123344451189,-2.9207773208618164,0.5034213662147522,86.85987091064453,25.21,0
-0.1711389422416687,-1.0834757089614868,0.0519904047250747,-2.540745735168457,0.503002405166626,86.85991668701172,25.21,0
-0.2385759353637695,-1.0423743724822998,0.1005377396941185,-1.9708490371704104,0.502733588218689,86.85994720458984,25.21,0
-0.3210375308990478,-0.9768134355545044,0.1540837287902832,-1.6230350732803345,0.5025610327720642,86.85997009277344,25.21,0
-0.3739566504955292,-0.9963157176971436,0.1884464621543884,-1.5288007259368896,0.5024502873420715,86.85997772216797,25.21,0
-0.3183526992797851,-1.0704066753387451,0.1377274096012115,-1.28919780254364,0.5023792386054993,86.8599853515625,25.21,0
-0.2322893142700195,-1.10675847530365,0.0939833000302314,-0.5658048987388611,0.5023336410522461,86.85999298095703,25.21,0
-0.1322765946388244,-1.0853047370910645,0.1106930449604988,0.5612034797668457,0.5023043751716614,86.85999298095703,25.21,0
-0.0736919566988945,-1.0379503965377808,0.1494052708148956,1.7537699937820437,0.5022855997085571,86.85999298095703,25.21,0
-0.0976712256669998,-0.9515833258628844,0.1686507761478424,2.7627058029174805,0.5041096210479736,88.30018615722656,25.21,0
-0.1410486102104187,-0.901755690574646,0.1586103290319442,3.460338592529297,0.5052801966667175,89.22442626953125,25.21,0
-0.2192656844854354,-0.892170250415802,0.1017869785428047,3.639346122741699,0.5060313940048218,89.81755065917969,25.21,0
-0.2862542271614074,-0.8804211020469666,0.0429299287497997,2.958890914916992,0.5065134763717651,90.19818115234376,25.21,0
-0.3292436301708221,-0.8672834038734436,-0.0004389162058942,1.257564902305603,0.5068228244781494,90.44244384765624,25.21,0
-0.351233959197998,-0.8308635354042053,-0.0058794454671442,-1.0272459983825684,0.5070213675498962,90.59919738769533,25.21,0
-0.3709438741207123,-0.81308913230896,0.0074224597774446,-2.9950666427612305,0.507148802280426,90.69979858398438,25.21,0
-0.4003858864307403,-0.852062463760376,0.0383499525487422,-4.039363384246826,0.5072305798530579,90.7643585205078,25.21,0
-0.447268933057785,-0.9386488795280457,0.0525996647775173,-4.1972246170043945,0.5082008838653564,90.8057861328125,25.21,0
-0.4605624675750732,-1.066986083984375,0.0449509844183921,-3.789805173873901,0.508823573589325,90.8323745727539,25.21,0
-0.4131157398223877,-1.138149976730347,0.0344447270035743,-3.0017082691192627,0.5092231631278992,90.84943389892578,25.21,0
-0.3658738434314728,-1.183818817138672,0.0333001911640167,-1.808098673820496,0.5094796419143677,90.86038208007812,25.21,0
-0.3243611752986908,-1.1179643869400024,0.0661523416638374,-0.1106390133500099,0.5096442103385925,90.8674087524414,25.21,0
-0.3145140409469604,-1.0533117055892944,0.0704416334629058,1.9065799713134768,0.5097498297691345,90.87191772460938,25.21,0
-0.3081947267055511,-1.0622012615203855,0.0564009360969066,3.7062580585479736,0.5098176002502441,90.87480926513672,25.21,0
-0.3209326863288879,-1.1350793838500977,0.0305970981717109,4.746545791625977,0.5098611116409302,90.87667083740234,25.21,0
-0.3347049355506897,-1.221032738685608,-0.0027556412387639,4.826600074768066,0.5103479623794556,90.87786102294922,25.21,0
-0.3379454016685486,-1.2873882055282593,-0.0577461570501327,4.147128582000732,0.5106603503227234,90.87862396240234,25.21,0
-0.1944828033447265,-1.3187757730484009,-0.0426559336483478,3.145035982131958,0.5108608603477478,90.87911224365234,25.21,0
-0.1248078718781471,-1.299734115600586,-0.0385696701705455,2.1866841316223145,0.5109895467758179,90.87943267822266,25.21,0
0.0150676546618342,-1.192352056503296,0.0144326277077198,1.414035677909851,0.5110720992088318,90.879638671875,25.21,0
0.1104294881224632,-1.0562671422958374,0.0596420019865036,0.9289421439170836,0.5111250877380371,90.87976837158205,25.21,0
0.0540739633142948,-0.9241535067558287,0.0326770283281803,0.7681052088737488,0.5111590623855591,90.87985229492188,25.21,0
-0.0324717350304126,-0.8841527700424194,-0.0126164089888334,0.6469764709472656,0.5111808776855469,90.8799057006836,25.21,0
-0.127196192741394,-0.8584825992584229,-0.0584764555096626,0.1679945141077041,0.5116541981697083,90.87993621826172,25.21,0
-0.2271693348884582,-0.8420090079307556,-0.0935045704245567,-0.6911051273345947,0.5119579434394836,90.87995910644533,25.21,0
-0.2969241142272949,-0.8482304811477661,-0.1047880426049232,-1.6365091800689695,0.5121528506278992,90.87997436523438,25.21,0
-0.3696775734424591,-0.9082008600234984,-0.1064313575625419,-2.365022659301758,0.5122779607772827,90.8799819946289,25.21,0
-0.3995732367038727,-0.9858707785606384,-0.0738992914557457,-2.6749074459075928,0.5123582482337952,90.87998962402344,25.21,0
-0.4299541115760803,-1.0469104051589966,-0.0250332113355398,-2.572837352752685,0.5124097466468811,90.87998962402344,25.21,0
-0.4158641695976257,-0.9797244071960448,0.0231195446103811,-2.349701166152954,0.5124428272247314,90.87998962402344,25.21,0
-0.4068220555782318,-0.8918261528015137,0.0428256653249263,-2.267408847808838,0.5124640464782715,90.87998962402344,25.21,0
-0.4737904071807861,-0.8242225646972656,0.0106897223740816,-2.1823554039001465,0.5115594267845154,91.87953186035156,25.19,0
-0.5671468377113342,-0.8368161916732788,-0.0043354998342692,-1.6906986236572266,0.5109788775444031,92.52098083496094,25.19,0
-0.6158620715141296,-0.8616913557052612,-0.0083800489082932,-0.5476067066192627,0.5106063485145569,92.93262481689452,25.19,0
-0.6079402565956116,-0.8496659398078918,0.0002199410519097,1.0851904153823853,0.5103672742843628,93.19679260253906,25.19,0
-0.5916609168052673,-0.8251554369926453,0.011336694471538,2.763558864593506,0.5102138519287109,93.36632537841795,25.19,0
-0.5980071425437927,-0.8262193202972412,0.0464596599340438,4.11649751663208,0.510115385055542,93.4751205444336,25.19,0
-0.6412642002105713,-0.7933154106140137,0.0801951065659523,4.9524922370910645,0.5100522041320801,93.54493713378906,25.19,0
-0.6298396587371826,-0.7442107200622559,0.0906490236520767,5.102067470550537,0.5100116729736328,93.5897445678711,25.19,0
-0.5161503553390503,-0.7071003317832947,0.0805644243955612,4.492289066314697,0.5113627910614014,93.61849975585938,25.19,0
-0.4879732728004455,-0.6720895171165466,0.0628971606492996,3.23398494720459,0.512229859828949,93.63694763183594,25.19,0
-0.5090752840042114,-0.6216326951980591,0.0347660034894943,1.4735127687454224,0.5127862691879272,93.64878845214844,25.19,0
-0.5170195698738098,-0.6452301740646362,0.1398640722036361,-0.4909971952438354,0.5131433606147766,93.65638732910156,25.19,0
-0.3877711296081543,-0.6939603090286255,0.364047646522522,-2.056225538253784,0.5133724808692932,93.66126251220705,25.19,0
-0.4447712898254394,-0.7308302521705627,0.3511780798435211,-2.852909564971924,0.5135195255279541,93.66439056396484,25.19,0
-0.5261328816413879,-0.7153068780899048,0.236561432480812,-3.0596566200256348,0.5136138796806335,93.66639709472656,25.19,0
-0.5055750012397766,-0.7165403962135315,0.095833770930767,-3.0096235275268555,0.5136744379997253,93.66768646240234,25.19,0
-0.5259687900543213,-0.7285275459289551,-7.492331496905535e-05,-2.798386573791504,0.5132544040679932,93.66851806640624,25.19,0
-0.544654130935669,-0.7474157810211182,-0.0448302775621414,-2.351142644882202,0.5129848718643188,93.66905212402344,25.19,0
-0.6126230955123901,-0.7483416199684143,-0.1183338835835456,-1.6879568099975586,0.5128118991851807,93.6693878173828,25.19,0
-0.7290127277374268,-0.7657290697097778,-0.1711020469665527,-1.1298069953918457,0.5127008557319641,93.66960906982422,25.19,0
-0.7981070876121521,-0.7656917572021484,-0.1098034456372261,-1.0438942909240725,0.5126296281814575,93.66974639892578,25.19,0
-0.8760344982147217,-0.7544723153114319,-0.0872588530182838,-1.3613483905792236,0.5125839114189148,93.66983795166016,25.19,0
-0.909250557422638,-0.7136856317520142,-0.0951821282505989,-1.7155402898788452,0.5125545859336853,93.6698989868164,25.19,0
-0.930566668510437,-0.665120005607605,-0.0834735110402107,-2.0574827194213867,0.5125357508659363,93.66993713378906,25.19,0
-0.95544171333313,-0.6395511627197266,-0.0591662675142288,-2.7390739917755127,0.5129826068878174,93.66996002197266,25.19,0
-0.9770028591156006,-0.6063492298126221,-0.0379695035517215,-4.004055023193359,0.5132693648338318,93.66997528076172,25.19,0
-1.002035140991211,-0.5682488083839417,-0.0243666414171457,-5.568187713623047,0.5134533643722534,93.66998291015624,25.19,0
-1.0348926782608032,-0.5493959188461304,0.0123517634347081,-7.001867294311523,0.5135714411735535,93.66999053955078,25.19,0
-1.0391854047775269,-0.5205039381980896,0.0471110716462135,-8.548871040344238,0.513647198677063,93.66999053955078,25.19,0
-1.1035157442092896,-0.4795716106891632,0.0302331745624542,-10.892279624938965,0.5136958360671997,93.66999053955078,25.19,0
-1.1895815134048462,-0.453303575515747,-0.0141847357153892,-13.8793306350708,0.513727068901062,93.66999053955078,25.19,0
-1.1552491188049316,-0.4196529388427734,-0.0035051724407821,-16.584415435791016,0.5137470960617065,93.66999053955078,25.19,0
-1.1052277088165283,-0.3868623673915863,0.0145439058542251,-19.180200576782227,0.5128417611122131,94.46891021728516,25.21,0
-1.0171490907669067,-0.3490259349346161,0.0597134120762348,-23.282176971435547,0.5122607350349426,94.98161315917967,25.21,0
-0.9326364398002625,-0.3191469311714172,0.1110916957259178,-29.28579330444336,0.5118878483772278,95.31063079833984,25.21,0
-0.8839988708496094,-0.2775811851024627,0.1664544194936752,-34.91910934448242,0.5116485953330994,95.5217742919922,25.21,0
-0.8919705152511597,-0.2453089207410812,0.2019830346107483,-38.41602325439453,0.511495053768158,95.65727996826172,25.21,0
-0.9082818031311036,-0.2190006673336029,0.2359787970781326,-42.010772705078125,0.5113965272903442,95.7442398071289,25.21,0
-0.9355427622795104,-0.1909219920635223,0.2689908742904663,-49.279541015625,0.5113332867622375,95.80004119873048,25.21,0
-0.9530372619628906,-0.1729027181863784,0.290176123380661,-59.40764617919922,0.5112926959991455,95.83585357666016,25.21,0
-0.9698620438575744,-0.155741199851036,0.3093693554401397,-67.79888153076172,0.5117259621620178,95.85883331298828,25.21,0
-0.9526703357696532,-0.1391301602125167,0.3328820168972015,-73.21971893310547,0.512004017829895,95.8735809326172,25.21,0
-0.9192465543746948,-0.1284701526165008,0.3535688817501068,-80.35630798339844,0.5121824145317078,95.88304901123048,25.21,0
-0.8921993374824524,-0.1160313934087753,0.3724423050880432,-93.26206970214844,0.5122969150543213,95.88912200927734,25.21,0
-0.8748419880867004,-0.1024511381983757,0.3957497179508209,-108.52310180664062,0.5123704075813293,95.8930206298828,25.21,0
-0.8637030720710754,-0.0993338897824287,0.433098167181015,-115.16050720214844,0.5124175548553467,95.89552307128906,25.21,0
-0.8621525168418884,-0.1197245195508003,0.4682618081569671,-102.34545135498048,0.5124478340148926,95.89712524414062,25.21,0
-0.8499618768692017,-0.138407826423645,0.5020233392715454,-71.6981430053711,0.5124672651290894,95.89815521240234,25.21,0
-0.8085520267486572,-0.1559954732656479,0.5236895680427551,-39.13677597045898,0.5124797224998474,95.89881896972656,25.21,0
-0.7819775342941284,-0.1728799790143966,0.531995952129364,-15.582494735717772,0.5124877095222473,95.89924621582033,25.21,0
-0.7649235725402832,-0.1781177073717117,0.5149353742599487,8.514803886413574,0.512492835521698,95.8995132446289,25.21,0
-0.7595770955085754,-0.1758812069892883,0.5039868950843811,45.98682403564453,0.5124961137771606,95.89968872070312,25.21,0
-0.7673415541648865,-0.1688481718301773,0.4969607889652252,89.01469421386719,0.5124981999397278,95.8998031616211,25.21,0
-0.8115087747573853,-0.1755303293466568,0.5204406976699829,118.64807891845705,0.5124995708465576,95.89987182617188,25.21,0
-0.8342549800872803,-0.1910140961408615,0.5746932029724121,129.16004943847656,0.5125004649162292,95.89991760253906,25.21,0
-0.8488522171974182,-0.1897551417350769,0.609509289264679,127.97419738769533,0.5125010013580322,95.8999481201172,25.21,0
-0.8526220917701721,-0.177751675248146,0.5814722776412964,121.0690689086914,0.511583149433136,95.89997100830078,25.21,0
-0.8550413846969604,-0.1700485348701477,0.5634797811508179,111.74395751953124,0.5109941363334656,95.89997863769533,25.21,0
-0.856593906879425,-0.1707028746604919,0.551933228969574,105.53752136230467,0.5106161236763,95.89998626708984,25.21,0
-0.8575902581214905,-0.1655250191688537,0.5557188391685486,105.61363983154295,0.5103735327720642,95.89999389648438,25.21,0
-0.830240786075592,-0.1622021794319152,0.5917348861694336,108.10939025878906,0.5102178454399109,95.89999389648438,25.21,0
-0.7679072618484497,-0.1600697636604309,0.6204456686973572,108.0916976928711,0.5101179480552673,95.89999389648438,25.21,0
-0.7391007542610168,-0.1587013006210327,0.6332728266716003,106.3786163330078,0.5100538730621338,95.89999389648438,25.21,0
-0.7821899056434631,-0.1690186560153961,0.6079179048538208,106.64422607421876,0.5100127458572388,95.89999389648438,25.21,0
-0.8042442798614502,-0.181237518787384,0.5860488414764404,109.14334869384766,0.5109045505523682,96.58785247802734,25.21,0
-0.8127997517585754,-0.1946766525506973,0.5720145106315613,111.30602264404295,0.5114768743515015,97.02928161621094,25.21,0
-0.8126923441886902,-0.20330111682415,0.5630080699920654,112.55776977539062,0.5118441581726074,97.31256103515624,25.21,0
-0.8126234412193298,-0.2088357955217361,0.5572282671928406,113.74798583984376,0.5120798349380493,97.49435424804688,25.21,0
-0.8181769847869873,-0.2123876363039016,0.5535191297531128,111.66006469726562,0.5122311115264893,97.61102294921876,25.21,0
-0.8217409253120422,-0.2090692222118377,0.5511388182640076,100.2746124267578,0.5123281478881836,97.6858901977539,25.21,0
-0.8240280747413635,-0.2069396525621414,0.5552090406417847,80.06006622314453,0.5123904347419739,97.7339324951172,25.21,0
-0.8254958391189575,-0.20557302236557,0.5634188652038574,57.47548675537109,0.5124304294586182,97.7647705078125,25.21,0
-0.8208400011062622,-0.2046959996223449,0.5686874389648438,33.63506317138672,0.5115378499031067,97.78455352783205,25.21,0
-0.8178521394729614,-0.1985353976488113,0.5608729720115662,4.639466285705566,0.5109650492668152,97.79724884033205,25.21,0
-0.8159347176551819,-0.1945818811655044,0.5558580756187439,-27.886547088623047,0.5105974674224854,97.8053970336914,25.21,0
-0.8203019499778748,-0.1920447498559951,0.5526398420333862,-58.39341735839844,0.5103615522384644,97.81063079833984,25.21,0
-0.8287023901939392,-0.1904165595769882,0.550574541091919,-85.23284912109375,0.5102101564407349,97.8139877319336,25.21,0
-0.8284955620765686,-0.1893716752529144,0.5492491722106934,-107.28257751464844,0.510113000869751,97.8161392211914,25.21,0
-0.822765052318573,-0.1942989081144333,0.5483986139297485,-120.20758819580078,0.5100506544113159,97.81752014160156,25.21,0
-0.8190875053405762,-0.1974609196186065,0.5478527545928955,-123.26797485351562,0.5100106596946716,97.8184051513672,25.21,0
-0.8223252296447754,-0.1994901150465011,0.5531002283096313,-122.09719848632812,0.5113621354103088,97.81897735595705,25.21,0
-0.8244030475616455,-0.2007923424243927,0.5508700013160706,-121.12732696533205,0.5122294425964355,97.81934356689452,25.21,0
-0.8257364630699158,-0.201628029346466,0.5494387745857239,-119.5806121826172,0.5127860307693481,97.819580078125,25.21,0
-0.8209943771362305,-0.2021643370389938,0.5485202670097351,-116.0193099975586,0.5131431818008423,97.81973266601562,25.21,0
-0.8235489726066589,-0.2025085091590881,0.5479308366775513,-111.86735534667967,0.5133724212646484,97.81983184814452,25.21,0
-0.825188398361206,-0.2027293741703033,0.5475525856018066,-108.14601135253906,0.5135195255279541,97.81989288330078,25.21,0
-0.8206427097320557,-0.2028711140155792,0.5473098158836365,-102.39740753173828,0.5136138796806335,97.81993103027344,25.21,0
-0.8177255392074585,-0.2029620707035064,0.5471540689468384,-92.54625701904295,0.5136744379997253,97.81995391845705,25.21,0
-0.8214512467384338,-0.2030204385519027,0.54705411195755,-81.7103042602539,0.5141722559928894,97.8199691772461,25.21,0
-0.8238421678543091,-0.1974601298570633,0.546989917755127,-75.13258361816406,0.5144917368888855,97.81997680664062,25.21,0
-0.8253765106201172,-0.1938918381929397,0.5413509607315063,-73.68071746826172,0.5146967768669128,97.81998443603516,25.21,0
-0.8263611793518066,-0.1916019171476364,0.5377322435379028,-73.3293685913086,0.5148283243179321,97.81999206542967,25.21,0
-0.8269931077957153,-0.1957301497459411,0.5354099273681641,-67.55806732177734,0.5149127840995789,97.81999206542967,25.21,0
-0.8273985981941223,-0.1983794122934341,0.5339195728302002,-50.03279876708984,0.5149669647216797,97.81999206542967,25.21,0
-0.8276588320732117,-0.1944817751646042,0.5329631567001343,-21.8046817779541,0.5150017142295837,97.81999206542967,25.21,0
-0.8278258442878723,-0.1919804960489273,0.5323494076728821,6.520838260650635,0.5150240063667297,97.81999206542967,25.21,0
-0.8335307836532593,-0.1903753280639648,0.5319555401802063,27.743715286254883,0.5150383114814758,98.39320373535156,25.19,0
-0.8427896499633789,-0.1949429959058761,0.5317027568817139,46.80168914794922,0.5150474905967712,98.76106262207033,25.19,0
-0.8375359177589417,-0.1978742629289627,0.53154057264328,69.86570739746094,0.515053391456604,98.99713134765624,25.19,0
-0.8341643810272217,-0.194157600402832,0.5314364433288574,94.65150451660156,0.5150572061538696,99.14862823486328,25.19,0
-0.8375985026359558,-0.1917724609375,0.5313696265220642,116.9417495727539,0.5150596499443054,99.245849609375,25.19,0
-0.8398023247718811,-0.1902418136596679,0.5313267707824707,135.47378540039062,0.5150611996650696,99.30824279785156,25.19,0
-0.8412166237831116,-0.1892595440149307,0.5312992930412292,145.00924682617188,0.5150622129440308,99.34828186035156,25.19,0
-0.8421242237091064,-0.1886291801929474,0.5256838798522949,135.83096313476562,0.5150628685951233,99.3739776611328,25.19,0
-0.8427066802978516,-0.1882246434688568,0.5220801830291748,107.10552978515624,0.5150632858276367,99.39046478271484,25.19,0
-0.843080461025238,-0.1879650354385376,0.5197675824165344,72.2164306640625,0.5150635242462158,99.40104675292967,25.19,0
-0.8433203101158142,-0.1877984255552292,0.518283486366272,44.54231262207031,0.5150637030601501,99.4078369140625,25.19,0
-0.843474268913269,-0.1876915097236633,0.5229288339614868,25.77595329284668,0.5150638222694397,99.41219329833984,25.19,0
-0.8491708040237427,-0.1876229047775268,0.5203121900558472,12.296171188354492,0.5150638818740845,99.41498565673828,25.19,0
-0.8528265357017517,-0.187578871846199,0.5186329483985901,3.129732131958008,0.5150639414787292,99.41677856445312,25.19,0
-0.8551725745201111,-0.1875506192445755,0.5175553560256958,-2.695439577102661,0.5150639414787292,99.41793060302734,25.19,0
-0.8510803580284119,-0.1875324845314026,0.5168637633323669,-8.171248435974121,0.5150639414787292,99.41867065429688,25.19,0
-0.8484541773796082,-0.1875208467245102,0.5164199471473694,-14.282674789428713,0.5169000029563904,99.4191436767578,25.19,0
-0.846768856048584,-0.187513381242752,0.5161351561546326,-18.641712188720703,0.5180783271789551,99.41944885253906,25.19,0
-0.8456873297691345,-0.1875085830688476,0.5159524083137512,-19.55107307434082,0.5188344717025757,99.41964721679688,25.19,0
-0.8505910634994507,-0.1875055134296417,0.5158351063728333,-18.540401458740234,0.5193197131156921,99.41976928710938,25.19,0
-0.8537379503250122,-0.1875035315752029,0.5157598257064819,-17.870315551757812,0.5196311473846436,99.41985321044922,25.19,0
-0.8501597046852112,-0.1875022649765014,0.5157115459442139,-17.56926727294922,0.5198310017585754,99.41990661621094,25.19,0
-0.8534611463546753,-0.181903675198555,0.5156805515289307,-16.355037689208984,0.5199592709541321,99.41993713378906,25.19,0
-0.8555798530578613,-0.1839085966348648,0.5156606435775757,-14.099793434143066,0.5200415849685669,99.41996002197266,25.19,0
-0.851341724395752,-0.1795974671840667,0.5156478881835938,-11.928826332092283,0.5191765427589417,99.41997528076172,25.19,0
-0.8486219048500061,-0.1768308281898498,0.5156396627426147,-10.47472095489502,0.5186213850975037,99.41998291015624,25.19,0
-0.8468765020370483,-0.1750553697347641,0.5156344175338745,-9.222710609436035,0.5182651281356812,99.41999053955078,25.19,0
-0.85135418176651,-0.1739159822463989,0.5156310200691223,-7.598832607269287,0.5180364847183228,99.41999053955078,25.19,0
-0.8542277216911316,-0.1731847822666168,0.5156288743019104,-5.854536533355713,0.5178897976875305,99.41999053955078,25.19,0
-0.8560717701911926,-0.1727155447006225,0.5156275033950806,-4.430628776550293,0.5177956223487854,99.41999053955078,25.19,0
-0.8516573905944824,-0.1724144071340561,0.5156266093254089,-3.2409884929656982,0.5177351832389832,99.41999053955078,25.19,0
-0.8544222712516785,-0.172221153974533,0.5156260132789612,-2.058384418487549,0.5176964402198792,99.41999053955078,25.19,0
-0.8561966419219971,-0.1720971465110778,0.5156256556510925,-0.962695062160492,0.518589437007904,99.84990692138672,25.23,0
-0.8573353290557861,-0.1720175594091415,0.5156254172325134,-0.0911636278033256,0.5191624760627747,100.12580108642578,25.23,0
-0.8580660820007324,-0.1719664931297302,0.5156252384185791,0.5290388464927673,0.5195302367210388,100.30284881591795,25.23,0
-0.8529372215270996,-0.1719337105751037,0.5156251788139343,0.8553975820541382,0.5197662115097046,100.41647338867188,25.23,0
-0.8552436232566833,-0.171912670135498,0.5100273489952087,0.9573585391044616,0.5199176669120789,100.48938751220705,25.23,0
-0.8567237257957458,-0.1718991696834564,0.5120327472686768,1.0836949348449707,0.5200148820877075,100.5361785888672,25.23,0
-0.8576735854148865,-0.1718905121088028,0.5133196711540222,1.2722476720809937,0.5200772285461426,100.5662078857422,25.23,0
-0.8582831025123596,-0.1718849539756775,0.51414555311203,1.271442413330078,0.5201172828674316,100.58547973632812,25.23,0
-0.8586742877960205,-0.1718813925981521,0.509077787399292,0.9413287043571472,0.5196840763092041,100.59784698486328,25.23,0
-0.8589253425598145,-0.1718790978193283,0.5114233493804932,0.4249617755413055,0.5194060206413269,100.60578155517578,25.23,0
-0.8590864539146423,-0.1718776226043701,0.5129286050796509,-0.0891241356730461,0.5192276239395142,100.61087799072266,25.23,0
-0.8591898083686829,-0.1718766838312149,0.5138946175575256,-0.5014341473579407,0.5191131234169006,100.61414337158205,25.23,0
-0.8592561483383179,-0.1718760877847671,0.5145145654678345,-0.7517006397247314,0.5190396308898926,100.61624145507812,25.23,0
-0.8592987060546875,-0.1718757003545761,0.5149123668670654,-0.8836466670036316,0.5189924836158752,100.61759185791016,25.23,0
-0.8593260645866394,-0.1718754470348358,0.5151676535606384,-1.0363909006118774,0.5189622044563293,100.6184539794922,25.23,0
-0.8593435883522034,-0.1718752831220626,0.515331506729126,-1.2060649394989014,0.5189427733421326,100.61901092529295,25.23,0
-0.8593548536300659,-0.1718751788139343,0.5154366493225098,-1.243300437927246,0.518471360206604,100.61936950683594,25.23,0
-0.8593620657920837,-0.1718751192092895,0.5099063515663147,-1.152553677558899,0.5181688666343689,100.61959838867188,25.23,0
-0.8593667149543762,-0.1718750745058059,0.5119550824165344,-1.11223042011261,0.5179747343063354,100.61974334716795,25.23,0
-0.859369695186615,-0.1718750447034835,0.51326984167099,-1.111431360244751,0.5178501605987549,100.61983489990234,25.23,0
-0.8593716025352478,-0.1718750298023224,0.5141136050224304,-0.9353723526000975,0.5177702307701111,100.6198959350586,25.23,0
-0.8593727946281433,-0.1718750149011612,0.5146550536155701,-0.6289287209510803,0.5177189111709595,100.61993408203124,25.23,0
-0.8537757992744446,-0.1718750149011612,0.5150025486946106,-0.5397481322288513,0.5176860094070435,100.61995697021484,25.23,0
-0.8557817339897156,-0.1718750149011612,0.5152255296707153,-0.8121141195297241,0.5176648497581482,100.6199722290039,25.23,0
-0.8570690751075745,-0.1718750149011612,0.515368640422821,-1.169614315032959,0.5185691118240356,100.61997985839844,25.23,0
-0.8522974252700806,-0.1718750149011612,0.5154604911804199,-1.3166381120681765,0.5191494226455688,100.61998748779295,25.23,0
-0.8492352366447449,-0.1718750149011612,0.5155194401741028,-1.2569386959075928,0.5195218324661255,100.6199951171875,25.23,0
-0.847270131111145,-0.1718750149011612,0.5155572295188904,-1.182801365852356,0.5197608470916748,100.6199951171875,25.23,0
-0.8516067862510681,-0.1718750149011612,0.515581488609314,-1.2068758010864258,0.5199142098426819,100.6199951171875,25.23,0
-0.8543897867202759,-0.177472785115242,0.5155971050262451,-1.2796465158462524,0.5200126767158508,100.6199951171875,25.23,0
-0.8505780100822449,-0.1754673421382904,0.5156071186065674,-1.3263466358184814,0.5200758576393127,100.6199951171875,25.23,0
-0.8481318354606628,-0.1797781288623809,0.5156134963035583,-1.3204903602600098,0.52011638879776,100.6199951171875,25.23,0
-0.8521597981452942,-0.1769467741250991,0.5156176090240479,-1.2522457838058472,0.5187652707099915,101.11439514160156,25.21,0
-0.8547446727752686,-0.1807275414466858,0.515620231628418,-1.1762070655822754,0.5178982019424438,101.43167114257812,25.21,0
-0.8564035296440125,-0.183153823018074,0.5156219601631165,-1.2277220487594604,0.5173417925834656,101.6352767944336,25.21,0
-0.8518702983856201,-0.1791131049394607,0.5156230330467224,-1.3360153436660769,0.5169847011566162,101.76594543457033,25.21,0
-0.8545588850975037,-0.1765200048685073,0.5156237483024597,-1.1977224349975586,0.5167555212974548,101.84980010986328,25.21,0
-0.8562843203544617,-0.180453673005104,0.5156242251396179,-0.7435512542724609,0.516608476638794,101.9036102294922,25.21,0
-0.8573915958404541,-0.1829780787229538,0.5156245231628418,-0.2801267504692077,0.5165141224861145,101.93814086914062,25.21,0
-0.8581021428108215,-0.1845980882644653,0.5156247019767761,-0.100952573120594,0.5164535641670227,101.9603042602539,25.21,0
-0.858558177947998,-0.1800399422645568,0.5156248211860657,-0.2904878258705139,0.5159557461738586,101.97452545166016,25.21,0
-0.8588508367538452,-0.1771147847175598,0.5156248807907104,-0.6593183279037476,0.5156362652778625,101.98365020751952,25.21,0
-0.8534408211708069,-0.1752375960350036,0.5156249403953552,-0.7634572386741638,0.5154312252998352,101.98950958251952,25.21,0
-0.8555667996406555,-0.179630696773529,0.5156249403953552,-0.3860481977462768,0.5152996778488159,101.99327087402344,25.21,0
-0.8569310903549194,-0.1824499368667602,0.5156249403953552,0.0818534269928932,0.5152152180671692,101.99568176269533,25.21,0
-0.8578066229820251,-0.1842591613531112,0.5156249403953552,0.1886666864156723,0.5151610374450684,101.99723052978516,25.21,0
-0.8583685159683228,-0.1854202151298523,0.5156249403953552,0.0135981412604451,0.5151262879371643,101.99822235107422,25.21,0
-0.8587291240692139,-0.1861653178930282,0.5156249403953552,-0.1130810678005218,0.5151039958000183,101.99885559082033,25.21,0
-0.8533627390861511,-0.1866434812545776,0.5156249403953552,-0.1263075619935989,0.5146307349205017,101.999267578125,25.21,0
-0.8499189019203186,-0.1813525557518005,0.5156249403953552,-0.1168826818466186,0.5143270492553711,101.99952697753906,25.21,0
-0.8533065915107727,-0.177957147359848,0.5156249403953552,-0.0893388763070106,0.5141321420669556,101.99969482421876,25.21,0
-0.8554806709289551,-0.1757781654596328,0.5156249403953552,-0.1110711842775344,0.514007031917572,101.9998016357422,25.21,0
-0.8568758368492126,-0.1799775958061218,0.5156249403953552,-0.3005639314651489,0.5139267444610596,101.99987030029295,25.21,0
-0.852173388004303,-0.1770747750997543,0.5156249403953552,-0.5260641574859619,0.5138752460479736,101.99991607666016,25.21,0
-0.8547534346580505,-0.1752119213342666,0.5156249403953552,-0.5310567617416382,0.5138421654701233,101.99994659423828,25.21,0
-0.8564091324806213,-0.1740164458751678,0.5156249403953552,-0.4267834722995758,0.5138209462165833,101.99996948242188,25.21,0
-0.8518738746643066,-0.1732492595911026,0.5156249403953552,-0.524665355682373,0.5151845216751099,101.9999771118164,25.21,0
-0.8489634394645691,-0.1727569252252578,0.5156249403953552,-0.8024348616600037,0.5160595774650574,101.99998474121094,25.21,0
-0.8470956683158875,-0.1724409759044647,0.5156249403953552,-0.9377003908157348,0.5166211128234863,101.99999237060548,25.21,0
-0.8514948487281799,-0.1778359860181808,0.5156249403953552,-0.8095515370368958,0.5169814825057983,101.99999237060548,25.21,0
-0.8543179631233215,-0.1757004112005233,0.5156249403953552,-0.5553493499755859,0.5172127485275269,101.99999237060548,25.21,0
-0.8505319356918335,-0.1743299216032028,0.5156249403953552,-0.3313132226467132,0.5173611640930176,101.99999237060548,25.21,0
-0.8481022715568542,-0.1734504252672195,0.5156249403953552,-0.2520260810852051,0.5174564123153687,101.99999237060548,25.21,0
-0.8521407842636108,-0.1728860139846801,0.5156249403953552,-0.348029762506485,0.5175175070762634,101.99999237060548,25.21,0
-0.8547325134277344,-0.1781215816736221,0.5156249403953552,-0.466960608959198,0.5166385173797607,102.40482330322266,25.21,0
-0.8507979512214661,-0.1758836954832077,0.5156249403953552,-0.3605722188949585,0.5160744190216064,102.66461944580078,25.21,0
-0.848272979259491,-0.174447551369667,0.5156249403953552,0.0014729117974638,0.5157124400138855,102.8313446044922,25.21,0
-0.852250337600708,-0.1735259145498275,0.5156249403953552,0.3484550714492798,0.5154801607131958,102.93833923339844,25.21,0
-0.8548027873039246,-0.1729344576597213,0.5156249403953552,0.3955820202827453,0.5153310894966125,103.00700378417967,25.21,0
-0.8564408421516418,-0.1725548952817917,0.5156249403953552,0.149967074394226,0.515235424041748,103.05106353759766,25.21,0
-0.8574920296669006,-0.172311320900917,0.5156249403953552,-0.1366271674633026,0.5151740312576294,103.079345703125,25.21,0
-0.8581666350364685,-0.1721550077199936,0.5156249403953552,-0.3062165677547455,0.5151346325874329,103.09748840332033,25.21,0
-0.8585995435714722,-0.1776524633169174,0.5156249403953552,-0.4186318516731262,0.5155682563781738,103.10913848876952,25.21,0
-0.8588773608207703,-0.1755826473236084,0.5156249403953552,-0.5516772866249084,0.5158465504646301,103.11660766601562,25.21,0
-0.8590556383132935,-0.1798521280288696,0.5156249403953552,-0.7194574475288391,0.5160251259803772,103.12140655517578,25.21,0
-0.8591700792312622,-0.1769942641258239,0.5156249403953552,-0.7984684705734253,0.5161397457122803,103.12448120117188,25.21,0
-0.8536457419395447,-0.1807580292224884,0.5156249403953552,-0.5768974423408508,0.5162132978439331,103.12645721435548,25.21,0
-0.8501005172729492,-0.1775756180286407,0.5156249403953552,-0.1266044229269027,0.5162605047225952,103.12772369384766,25.21,0
-0.8478254079818726,-0.1755333244800567,0.5156249403953552,0.1444548368453979,0.5162907838821411,103.1285400390625,25.21,0
-0.857560932636261,-0.174222707748413,0.5156249403953552,0.1428588628768921,0.5163102149963379,103.12905883789062,25.21,0
-0.8582108616828918,-0.1733816266059875,0.5156249403953552,0.242146760225296,0.5172408819198608,103.12939453125,25.21,0
-0.8530301451683044,-0.1728418618440628,0.5156249403953552,0.5996352434158325,0.5178381204605103,103.12960815429688,25.21,0
-0.8553032279014587,-0.1724954694509506,0.5156249403953552,0.9042848944664,0.5182214379310608,103.12974548339844,25.21,0
-0.8567619919776917,-0.172273188829422,0.5156249403953552,0.8848369121551514,0.5184674263000488,103.1298370361328,25.21,0
-0.8576981425285339,-0.1721305400133133,0.5156249403953552,0.5893328785896301,0.5186252593994141,103.12989807128906,25.21,0
-0.8582988977432251,-0.1720389872789383,0.5156249403953552,0.1811582595109939,0.5187265872955322,103.12993621826172,25.21,0
-0.8586844205856323,-0.1719802320003509,0.5156249403953552,-0.2205051630735397,0.5187916159629822,103.12995910644533,25.21,0
-0.858931839466095,-0.1719425320625305,0.5156249403953552,-0.5140953660011292,0.518833339214325,103.12997436523438,25.21,0
-0.8590906262397766,-0.1719183325767517,0.5156249403953552,-0.6236879825592041,0.5193189978599548,103.1299819946289,25.21,0
-0.8591924905776978,-0.1719028055667877,0.5156249403953552,-0.5757932662963867,0.5196306705474854,103.12998962402344,25.21,0
-0.8592578768730164,-0.171892836689949,0.5156249403953552,-0.5128139853477478,0.5198307037353516,103.12998962402344,25.21,0
-0.8592998385429382,-0.1718864440917968,0.5156249403953552,-0.5619618892669678,0.519959032535553,103.12998962402344,25.21,0
-0.8593267798423767,-0.1718823462724685,0.5156249403953552,-0.6902317404747009,0.5200414061546326,103.12998962402344,25.21,0
-0.8593440651893616,-0.1718797087669372,0.5156249403953552,-0.7080615758895874,0.5200942754745483,103.12998962402344,25.21,0
-0.8593551516532898,-0.1718780249357223,0.5156249403953552,-0.4615583121776581,0.5201281905174255,103.12998962402344,25.21,0
-0.8593622446060181,-0.1718769371509552,0.5156249403953552,-0.0597515664994716,0.5201499462127686,103.12998962402344,25.21,0
-0.8593668341636658,-0.1718762367963791,0.5156249403953552,0.2303480505943298,0.5206228494644165,103.44168090820312,25.19,0
-0.8593697547912598,-0.1718757897615432,0.5156249403953552,0.3663612306118011,0.5209263563156128,103.6417007446289,25.19,0
-0.8593716621398926,-0.1718755066394806,0.5156249403953552,0.4751421213150024,0.5211211442947388,103.7700653076172,25.19,0
-0.8593728542327881,-0.1718753278255462,0.5156249403953552,0.491212785243988,0.5212461352348328,103.8524398803711,25.19,0
-0.8593736290931702,-0.1718752086162567,0.5100271701812744,0.3331449627876282,0.5213263630867004,103.90530395507812,25.19,0
-0.8593741059303284,-0.1718751341104507,0.5064348578453064,0.1421417593955993,0.5213778018951416,103.9392318725586,25.19,0
-0.8593744039535522,-0.1718750894069671,0.5097272992134094,0.0088191535323858,0.5214108228683472,103.96100616455078,25.19,0
-0.8593746423721313,-0.1718750596046447,0.5118402242660522,-0.1125653758645057,0.5214320421218872,103.9749755859375,25.19,0
-0.8593747615814209,-0.1718750447034835,0.5075984001159668,-0.1331417709589004,0.5209867358207703,103.98394012451172,25.19,0
-0.8593748211860657,-0.1718750298023224,0.5048761963844299,0.0721905976533889,0.5207009315490723,103.98969268798828,25.19,0
-0.8593748807907104,-0.1718750149011612,0.5087270140647888,0.3830898702144623,0.5205175280570984,103.9933853149414,25.19,0
-0.8593749403953552,-0.1718750149011612,0.5111982822418213,0.557529091835022,0.520399808883667,103.99575805664062,25.19,0
-0.8593749403953552,-0.1718750149011612,0.5127841830253601,0.47959765791893,0.5203242897987366,103.99727630615234,25.19,0
-0.8593749403953552,-0.1718750149011612,0.5082041621208191,0.225378930568695,0.5202758312225342,103.99825286865234,25.19,0
-0.8593749403953552,-0.1718750149011612,0.505264937877655,0.0013321868609637,0.5202447175979614,103.9988784790039,25.19,0
-0.8593749403953552,-0.1718750149011612,0.5089765191078186,-0.0815443247556686,0.5202247500419617,103.99928283691406,25.19,0
-0.8593749403953552,-0.1718750149011612,0.511358380317688,-0.1311471164226532,0.5215891003608704,103.99954223632812,25.19,0
-0.8593749403953552,-0.1718750149011612,0.5128869414329529,-0.2668740153312683,0.5224646329879761,103.99970245361328,25.19,0
-0.8593749403953552,-0.1718750149011612,0.5138678550720215,-0.4327923953533172,0.5230265259742737,103.99980926513672,25.19,0
-0.8593749403953552,-0.1718750149011612,0.5088995695114136,-0.4712003469467163,0.5233871340751648,103.9998779296875,25.19,0
-0.8593749403953552,-0.1718750149011612,0.511309027671814,-0.3453801572322845,0.5236185193061829,103.99992370605467,25.19,0
-0.8593749403953552,-0.1718750149011612,0.5072574615478516,-0.1607413291931152,0.5237669944763184,103.9999542236328,25.19,0
-0.8593749403953552,-0.1718750149011612,0.5102552175521851,-0.0171727146953344,0.5238623023033142,103.99996948242188,25.19,0
-0.8593749403953552,-0.1718750149011612,0.50658118724823,0.021222723647952,0.5239234566688538,103.9999771118164,25.19,0
-0.8593749403953552,-0.1718750149011612,0.5098211765289307,-0.0616145655512809,0.5230444669723511,103.99998474121094,25.19,0
-0.8593749403953552,-0.1718750149011612,0.5063026547431946,-0.1219399273395538,0.5224804282188416,103.99999237060548,25.19,0
-0.8593749403953552,-0.1718750149011612,0.509642481803894,0.0507187023758888,0.5221184492111206,103.99999237060548,25.19,0
-0.8593749403953552,-0.1718750149011612,0.5117857456207275,0.3657278716564178,0.5218861699104309,103.99999237060548,25.19,0
-0.8593749403953552,-0.1718750149011612,0.5131611824035645,0.489065945148468,0.5217370986938477,103.99999237060548,25.19,0
-0.8593749403953552,-0.1718750149011612,0.5140438675880432,0.3568452894687652,0.5216414332389832,103.99999237060548,25.19,0
-0.8593749403953552,-0.1718750149011612,0.5146102905273438,0.1931770145893097,0.5215800404548645,103.99999237060548,25.19,0
-0.8593749403953552,-0.1718750149011612,0.5149738192558289,0.0773964077234268,0.521540641784668,103.99999237060548,25.19,0
-0.8593749403953552,-0.1718750149011612,0.5152071118354797,-0.1187124997377395,0.5219746232032776,104.29376983642578,25.21,0
-0.8593749403953552,-0.1718750149011612,0.5153568387031555,-0.3663714826107025,0.5222530961036682,104.48229217529295,25.21,0
-0.8593749403953552,-0.1718750149011612,0.5154529213905334,-0.4142449200153351,0.5224318504333496,104.60327911376952,25.21,0
-0.8593749403953552,-0.1718750149011612,0.5155145525932312,-0.1977695971727371,0.5225465297698975,104.68092346191406,25.21,0
-0.8593749403953552,-0.1718750149011612,0.5155541300773621,-0.0122747318819165,0.5226201415061951,104.73075103759766,25.21,0
-0.8593749403953552,-0.1718750149011612,0.5099817514419556,-0.0759461522102356,0.5226673483848572,104.76272583007812,25.21,0
-0.8593749403953552,-0.1718750149011612,0.512003481388092,-0.2063711881637573,0.5226976871490479,104.78324127197266,25.21,0
-0.8593749403953552,-0.1718750149011612,0.513300895690918,-0.1288545727729797,0.5227171182632446,104.7964096069336,25.21,0
-0.8593749403953552,-0.1718750149011612,0.5141335129737854,0.0964373350143432,0.5231885313987732,104.80486297607422,25.21,0
-0.8593749403953552,-0.1718750149011612,0.5146678686141968,0.208773523569107,0.5234910845756531,104.81028747558594,25.21,0
-0.8593749403953552,-0.1718750149011612,0.5150107741355896,0.1339788287878036,0.5236852169036865,104.8137664794922,25.21,0
-0.8537771701812744,-0.1718750149011612,0.5152308344841003,0.0752321705222129,0.5238097906112671,104.81600189208984,25.21,0
-0.8557826280593872,-0.1718750149011612,0.5153720378875732,0.2023304253816604,0.5238897800445557,104.81743621826172,25.21,0
-0.8570696115493774,-0.1718750149011612,0.5154626369476318,0.4486932456493377,0.5239410996437073,104.81835174560548,25.21,0
-0.85789555311203,-0.1718750149011612,0.5155208110809326,0.5960469841957092,0.5239740014076233,104.81893920898438,25.21,0
-0.8584255576133728,-0.1718750149011612,0.5099603533744812,0.5258116722106934,0.5239951610565186,104.81932067871094,25.21,0
-0.8531679511070251,-0.1718750149011612,0.5119897723197937,0.2872796058654785,0.5240086913108826,104.81956481933594,25.21,0
-0.8553916811943054,-0.1718750149011612,0.513292133808136,0.0231436155736446,0.5240173935890198,104.81971740722656,25.21,0
-0.8568187355995178,-0.1718750149011612,0.5141279101371765,-0.0997901782393455,0.5240229964256287,104.81981658935548,25.21,0
-0.8577345609664917,-0.1718750149011612,0.5146642327308655,0.0326899550855159,0.5240265727043152,104.81988525390624,25.21,0
-0.858322262763977,-0.1718750149011612,0.5094106793403625,0.286089152097702,0.5240288972854614,104.8199234008789,25.21,0
-0.8586994409561157,-0.1718750149011612,0.5116370320320129,0.3054031133651733,0.5240303874015808,104.81995391845705,25.21,0
-0.8589414358139038,-0.1718750149011612,0.513065755367279,0.013278785161674,0.5240313410758972,104.8199691772461,25.21,0
-0.8590967655181885,-0.1718750149011612,0.5139826536178589,-0.1992678195238113,0.524031937122345,104.81997680664062,25.21,0
-0.8591964244842529,-0.1718750149011612,0.508973240852356,-0.0741399750113487,0.5240322947502136,104.81998443603516,25.21,0
-0.8592603802680969,-0.1718750149011612,0.5113562941551208,0.1315499991178512,0.5240325331687927,104.81999206542967,25.21,0
-0.8593014478683472,-0.1718750149011612,0.5072878003120422,0.1811507642269134,0.524032711982727,104.81999206542967,25.21,0
-0.8593277931213379,-0.1718750149011612,0.504676878452301,0.1198347136378288,0.5240328311920166,104.81999206542967,25.21,0
-0.8593447208404541,-0.1718750149011612,0.5085991024971008,-0.0449045524001121,0.5240328907966614,104.81999206542967,25.21,0
-0.8593555688858032,-0.1718750149011612,0.5055184364318848,-0.3476663827896118,0.5240329504013062,104.81999206542967,25.21,0
-0.8593625426292419,-0.1718750149011612,0.5035414099693298,-0.5992826819419861,0.5240329504013062,104.81999206542967,25.21,0
-0.8593670129776001,-0.1718750149011612,0.5022726655006409,-0.5995396971702576,0.5240329504013062,104.81999206542967,25.21,0
-0.8593698740005493,-0.1718750149011612,0.501458466053009,-0.4241583943367004,0.5240329504013062,105.10301971435548,25.19,0
-0.8593717217445374,-0.1718750149011612,0.500935971736908,-0.2578701376914978,0.5240329504013062,105.28465270996094,25.19,0
-0.8593729138374329,-0.1718750149011612,0.5061984062194824,-0.0938347056508064,0.5240329504013062,105.40121459960938,25.19,0
-0.8593736886978149,-0.1718750149011612,0.5095755457878113,0.1547368317842483,0.5240329504013062,105.47601318359376,25.19,0
-0.864971935749054,-0.1718750149011612,0.5061450600624084,0.4002375304698944,0.5240329504013062,105.52401733398438,25.19,0
-0.862966775894165,-0.1718750149011612,0.5039435625076294,0.4037350118160248,0.5240329504013062,105.55482482910156,25.19,0
-0.8616799712181091,-0.1718750149011612,0.5025307536125183,0.1981901079416275,0.5240329504013062,105.57459259033205,25.19,0
-0.8608542084693909,-0.1718750149011612,0.5072218775749207,0.0698657855391502,0.5240329504013062,105.5872802734375,25.19,0
-0.8603242635726929,-0.1718750149011612,0.5046345591545105,0.0770790204405784,0.5244919061660767,105.59542083740234,25.19,0
-0.8599841594696045,-0.1718750149011612,0.508571982383728,0.0136391213163733,0.5247864127159119,105.60064697265624,25.19,0
-0.8597659468650818,-0.1718750149011612,0.5055010318756104,-0.1309676468372345,0.5249754190444946,105.60399627685548,25.19,0
-0.8596258759498596,-0.1718750149011612,0.5035302639007568,-0.1556990146636963,0.5250967144966125,105.60614776611328,25.19,0
-0.8595359921455383,-0.1718750149011612,0.5078632831573486,-0.0533451847732067,0.5251745581626892,105.60752868652344,25.19,0
-0.8594782948493958,-0.1718750149011612,0.5106439590454102,-0.077224776148796,0.525224506855011,105.60841369628906,25.19,0
-0.8594412803649902,-0.1718750149011612,0.5068306922912598,-0.3433296084403991,0.5252565741539001,105.6089859008789,25.19,0
-0.8594175577163696,-0.1718750149011612,0.5099813342094421,-0.6215776801109314,0.5252771377563477,105.6093521118164,25.19,0
-0.8594022989273071,-0.1718750149011612,0.5064054727554321,-0.6711685061454773,0.5248314142227173,105.60958099365234,25.19,0
-0.859392523765564,-0.1718750149011612,0.5041106343269348,-0.5166991353034973,0.5245453715324402,105.60973358154295,25.19,0
-0.8593862652778625,-0.1718750149011612,0.5026379823684692,-0.2599362432956695,0.524361789226532,105.60983276367188,25.19,0
-0.8593822121620178,-0.1718750149011612,0.5072906613349915,0.0015689351130276,0.5242440104484558,105.60989379882812,25.19,0
-0.8593796491622925,-0.1718750149011612,0.5046787261962891,0.0619106404483318,0.5241684317588806,105.60993194580078,25.19,0
-0.8593779802322388,-0.1718750149011612,0.5030025243759155,-0.1143200621008873,0.5241199135780334,105.60995483398438,25.19,0
-0.8593769073486328,-0.1718750149011612,0.501926839351654,-0.2417450845241546,0.5240887999534607,105.60997009277344,25.19,0
-0.8593762516975403,-0.1718750149011612,0.5012365579605103,-0.1300600469112396,0.5240688323974609,105.60997772216795,25.19,0
-0.8593757748603821,-0.1718750149011612,0.5063913464546204,0.077750839293003,0.5249738693237305,105.6099853515625,25.19,0
-0.8593754768371582,-0.1718750149011612,0.504101574420929,0.250520259141922,0.5255546569824219,105.60999298095705,25.19,0
-0.8593752980232239,-0.1718750149011612,0.5026321411132812,0.4366278052330017,0.5259273648262024,105.60999298095705,25.19,0
-0.8593751788139343,-0.1718750149011612,0.5016891360282898,0.599051833152771,0.526166558265686,105.60999298095705,25.19,0
-0.8593751192092896,-0.1718750149011612,0.5010839700698853,0.5958089232444763,0.5263200402259827,105.60999298095705,25.19,0
-0.8593750596046448,-0.1718750149011612,0.5062934160232544,0.4360944926738739,0.5264185667037964,105.60999298095705,25.19,0
-0.8593750596046448,-0.1718750149011612,0.5040387511253357,0.3228512406349182,0.5264817476272583,105.60999298095705,25.19,0
-0.8593750596046448,-0.1718750149011612,0.5081896185874939,0.3576555252075195,0.5265223383903503,105.60999298095705,25.19,0
-0.8649728298187256,-0.1718750149011612,0.5108534097671509,0.4767204523086548,0.525630533695221,105.84286499023438,25.19,0
-0.8685651421546936,-0.1718750149011612,0.5069651007652283,0.5925378203392029,0.5250582098960876,105.9923095703125,25.19,0
-0.8652727007865906,-0.1718750149011612,0.5044698119163513,0.5952112078666687,0.5246909260749817,106.08821105957033,25.19,0
-0.8631597757339478,-0.1718750149011612,0.5028684735298157,0.4106328785419464,0.5244552493095398,106.1497573852539,25.19,0
-0.8618038296699524,-0.1718750149011612,0.5018408298492432,0.2097819149494171,0.5243039727210999,106.1892547607422,25.19,0
-0.8609336614608765,-0.1718750149011612,0.5011813640594482,0.2886767089366913,0.5242068767547607,106.214599609375,25.19,0
-0.8603752851486206,-0.1718750149011612,0.5007581114768982,0.5829219818115234,0.5241445899009705,106.23086547851562,25.19,0
-0.860016942024231,-0.1718750149011612,0.5060842633247375,0.6821872591972351,0.5241045951843262,106.24130249023438,25.19,0
-0.8597869873046875,-0.1718750149011612,0.5039045214653015,0.4055453538894653,0.5236200094223022,106.2480010986328,25.19,0
-0.8596394062042236,-0.1718750149011612,0.5025057196617126,0.0918745994567871,0.523309051990509,106.25230407714844,25.19,0
-0.8595446944236755,-0.1718750149011612,0.5072057843208313,0.0195514969527721,0.523109495639801,106.25505828857422,25.19,0
-0.8650816679000854,-0.1662772297859192,0.5102220177650452,-0.016113581135869,0.5229814052581787,106.25682830810548,25.19,0
-0.8630372285842896,-0.1682826727628708,0.512157678604126,-0.2718687951564789,0.5228992104530334,106.25796508789062,25.19,0
-0.8617252111434937,-0.169569656252861,0.5078020691871643,-0.5649704933166504,0.5228464603424072,106.25869750976562,25.19,0
-0.8608832359313965,-0.1703955680131912,0.5050069093704224,-0.6097632646560669,0.5228126049041748,106.25916290283205,25.19,0
-0.8603429198265076,-0.1709255874156952,0.5088109374046326,-0.4808753430843353,0.5227909088134766,106.25946044921876,25.19,0
-0.8599961400032043,-0.1712657213211059,0.5112521052360535,-0.4304056763648987,0.5232359170913696,106.25965118408205,25.19,0
-0.8597736358642578,-0.1714839935302734,0.5072209239006042,-0.5305724740028381,0.5235214829444885,106.25977325439452,25.19,0
-0.859630823135376,-0.1716240793466568,0.5102317333221436,-0.6880007386207581,0.5237047672271729,106.25985717773438,25.19,0
-0.8595391511917114,-0.1717139780521392,0.5121639370918274,-0.7245427370071411,0.5238223671913147,106.2599105834961,25.19,0
-0.8594803214073181,-0.1717716604471206,0.507806122303009,-0.5079607367515564,0.5238978266716003,106.25994110107422,25.19,0
-0.8594425916671753,-0.1718086898326873,0.5050095319747925,-0.1468511521816253,0.5239462852478027,106.2599639892578,25.19,0
-0.8594183921813965,-0.1718324422836303,0.5032148361206055,0.1242965087294578,0.5239773392677307,106.25997924804688,25.19,0
-0.8594028353691101,-0.1718476861715316,0.5020630955696106,0.2768079936504364,0.5239973068237305,106.2599868774414,25.19,0
-0.8593928813934326,-0.171857476234436,0.5013239979743958,0.4212545752525329,0.5244690179824829,106.25999450683594,25.19,0
-0.8593865036964417,-0.1718637496232986,0.5008496642112732,0.5067869424819946,0.5247717499732971,106.25999450683594,25.19,0
-0.8593823909759521,-0.1718677729368209,0.5061430335044861,0.4685297012329101,0.5249660015106201,106.25999450683594,25.19,0
-0.859379768371582,-0.1718703657388687,0.5039422512054443,0.4260655343532562,0.5250906944274902,106.25999450683594,25.19,0
-0.8593780398368835,-0.1718720197677612,0.5081276893615723,0.4310576617717743,0.5251706838607788,106.25999450683594,25.19,0
-0.8649747371673584,-0.1718730926513672,0.5108136534690857,0.2658802568912506,0.5252220034599304,106.25999450683594,25.19,0
-0.8629685640335083,-0.1718737781047821,0.5069395899772644,-0.1912134736776352,0.5252549648284912,106.25999450683594,25.19,0
-0.8616811633110046,-0.1718742102384567,0.5044534206390381,-0.6386007070541382,0.5252761244773865,106.25999450683594,25.19,0
-0.860854983329773,-0.1718744933605194,0.5028579235076904,-0.7071709632873535,0.5239125490188599,106.45345306396484,25.17,0
-0.8603247404098511,-0.1718746721744537,0.5018340349197388,-0.5003951191902161,0.5230374932289124,106.57760620117188,25.17,0
-0.8599845170974731,-0.1718747913837433,0.5011769533157349,-0.3676982522010803,0.5224759578704834,106.65727996826172,25.17,0
-0.8597661256790161,-0.1718748658895492,0.5063530802726746,-0.3577751517295837,0.5221155881881714,106.70841217041016,25.17,0
-0.8596259951591492,-0.1718749105930328,0.5040770173072815,-0.2654252648353576,0.5218843221664429,106.74122619628906,25.17,0
-0.8595360517501831,-0.1718749403953552,0.5026164054870605,-0.1058482900261879,0.5217359066009521,106.76228332519533,25.17,0
-0.8594783544540405,-0.1718749552965164,0.5072768330574036,-0.0822576433420181,0.5216406583786011,106.77579498291016,25.17,0
-0.859441339969635,-0.1718749701976776,0.5046698451042175,-0.0921965539455413,0.5215795040130615,106.7844696044922,25.17,0
-0.8594175577163696,-0.1718749850988388,0.5029968619346619,0.0805540010333061,0.5219995379447937,106.79003143310548,25.17,0
-0.8594022989273071,-0.1718749850988388,0.5019232034683228,0.2308236956596374,0.5222691297531128,106.7936019897461,25.17,0
-0.859392523765564,-0.1718749850988388,0.5012341737747192,0.0943907275795936,0.522442102432251,106.7958984375,25.17,0
-0.8593862652778625,-0.1718749850988388,0.5063897967338562,-0.093476228415966,0.5225531458854675,106.79737091064452,25.17,0
-0.8593822121620178,-0.1718749850988388,0.5041006207466125,-0.1065611466765403,0.5226243734359741,106.7983169555664,25.17,0
-0.8593796491622925,-0.1718749850988388,0.5026315450668335,-0.1937749534845352,0.5226700901985168,106.79891967773438,25.17,0
-0.8593779802322388,-0.1718749850988388,0.507286548614502,-0.4646982848644256,0.5226994156837463,106.79930877685548,25.17,0
-0.8593769073486328,-0.1718749850988388,0.504676103591919,-0.6313961744308472,0.5227182507514954,106.799560546875,25.17,0
-0.8593762516975403,-0.1718749850988388,0.5030008554458618,-0.5879050493240356,0.5241070985794067,106.79972076416016,25.17,0
-0.8593757748603821,-0.1718749850988388,0.5075235366821289,-0.5349169373512268,0.5249984264373779,106.79981994628906,25.17,0
-0.8593754768371582,-0.1718749850988388,0.504828155040741,-0.59405916929245,0.5255703926086426,106.79988861083984,25.17,0
-0.8593752980232239,-0.1718749850988388,0.5086961984634399,-0.7359079718589783,0.5259374380111694,106.7999267578125,25.17,0
-0.8593751788139343,-0.1718749850988388,0.505580723285675,-0.8269383907318115,0.5261729955673218,106.79995727539062,25.17,0
-0.8593751192092896,-0.1718749850988388,0.5035814046859741,-0.6632367372512817,0.5263241529464722,106.79997253417967,25.17,0
-0.8593750596046448,-0.1718749850988388,0.5022983551025391,-0.2572461068630218,0.5264211893081665,106.79998016357422,25.17,0
-0.8593750596046448,-0.1718749850988388,0.5014749765396118,0.0606165304780006,0.5264834761619568,106.79998779296876,25.17,0
-0.8649728298187256,-0.166277214884758,0.500946581363678,0.0818911045789718,0.5260645151138306,106.79999542236328,25.17,0
-0.8629673719406128,-0.1682826578617096,0.5006074905395508,-0.0047682113945484,0.5257956385612488,106.79999542236328,25.17,0
-0.8616803884506226,-0.1695696413516998,0.5003898739814758,0.0506786704063415,0.525623083114624,106.79999542236328,25.17,0
-0.86085444688797,-0.17039555311203,0.5002502202987671,0.2833029329776764,0.5255123376846313,106.79999542236328,25.17,0
-0.8603244423866272,-0.170925572514534,0.5001605749130249,0.5866385698318481,0.5254412889480591,106.79999542236328,25.17,0
-0.859984278678894,-0.1712657064199447,0.5001030564308167,0.7777193188667297,0.5253956913948059,106.79999542236328,25.17,0
-0.8597660064697266,-0.1714839935302734,0.5000661611557007,0.7176325917243958,0.5253664255142212,106.79999542236328,25.17,0
-0.8596259355545044,-0.1716240793466568,0.5000424385070801,0.5465171337127686,0.5253476500511169,106.79999542236328,25.17,0
-0.8595360517501831,-0.1717139780521392,0.5000272393226624,0.4976088404655456,0.5290077328681946,106.98987579345705,25.21,0
-0.8594783544540405,-0.1717716604471206,0.5000174641609192,0.4984654784202575,0.5313565731048584,107.11172485351562,25.21,0
-0.859441339969635,-0.1718086898326873,0.5000112056732178,0.3628773689270019,0.5328639149665833,107.18992614746094,25.21,0
-0.8594175577163696,-0.1718324422836303,0.5000072121620178,0.161222293972969,0.5338312387466431,107.2401123046875,25.21,0
-0.8594022989273071,-0.1718476861715316,0.5000046491622925,0.0389768294990062,0.5344520211219788,107.2723159790039,25.21,0
-0.859392523765564,-0.171857476234436,0.5000029802322388,0.0035176323726773,0.5348504185676575,107.29298400878906,25.21,0
-0.8593862652778625,-0.1718637496232986,0.5000019073486328,0.0810740813612937,0.5351060628890991,107.30624389648438,25.21,0
-0.8593822121620178,-0.1718677729368209,0.5000012516975403,0.2920612692832947,0.535270094871521,107.31475830078124,25.21,0
-0.8593796491622925,-0.1718703657388687,0.5000007748603821,0.4847818911075592,0.5353754162788391,107.32022094726562,25.21,0
-0.8593779802322388,-0.1718720197677612,0.5000004768371582,0.493816465139389,0.5354430079460144,107.32372283935548,25.21,0
-0.8593769073486328,-0.1718730926513672,0.5000002980232239,0.3778067529201507,0.5354863405227661,107.3259735107422,25.21,0
-0.8593762516975403,-0.1718737781047821,0.5000001788139343,0.2997758388519287,0.5355141758918762,107.3274154663086,25.21,0
-0.8593757748603821,-0.1718742102384567,0.5000001192092896,0.2604478001594543,0.5355320572853088,107.32833862304688,25.21,0
-0.8593754768371582,-0.1718744933605194,0.5000000596046448,0.1384798139333725,0.5355435013771057,107.32893371582033,25.21,0
-0.8593752980232239,-0.1718746721744537,0.5000000596046448,-0.0723475292325019,0.5355508327484131,107.32931518554688,25.21,0
-0.8593751788139343,-0.1718747913837433,0.5000000596046448,-0.2183921039104461,0.5355555415153503,107.32955932617188,25.21,0
-0.8593751192092896,-0.1718748658895492,0.5000000596046448,-0.2655416131019592,0.5369357466697693,107.32971954345705,25.21,0
-0.8593750596046448,-0.1718749105930328,0.5000000596046448,-0.33162522315979,0.5378214716911316,107.32981872558594,25.21,0
-0.8593750596046448,-0.1718749403953552,0.5000000596046448,-0.4456853866577148,0.5383898615837097,107.32988739013672,25.21,0
-0.8593750596046448,-0.1718749552965164,0.5000000596046448,-0.5045523643493652,0.5387546420097351,107.32992553710938,25.21,0
-0.8649728298187256,-0.1718749701976776,0.5000000596046448,-0.5100865960121155,0.5389887094497681,107.3299560546875,25.21,0
-0.8629673719406128,-0.1718749850988388,0.5000000596046448,-0.5172207355499268,0.539138913154602,107.32997131347656,25.21,0
-0.8616803884506226,-0.1718749850988388,0.5000000596046448,-0.4071565866470337,0.5392353534698486,107.3299789428711,25.21,0
-0.86085444688797,-0.1718749850988388,0.5000000596046448,-0.049917709082365,0.5392972230911255,107.32998657226562,25.21,0
-0.8603244423866272,-0.166277214884758,0.5000000596046448,0.3656315803527832,0.538418710231781,107.32999420166016,25.21,0
-0.859984278678894,-0.1682826578617096,0.5000000596046448,0.4925867617130279,0.5378549098968506,107.32999420166016,25.21,0
-0.8597660064697266,-0.1695696413516998,0.5000000596046448,0.308948665857315,0.537493109703064,107.32999420166016,25.21,0
-0.8596259355545044,-0.17039555311203,0.5000000596046448,0.0800404697656631,0.5372609496116638,107.32999420166016,25.21,0
-0.8595360517501831,-0.170925572514534,0.5000000596046448,-0.0310338754206895,0.5371119379997253,107.32999420166016,25.21,0
-0.8650761246681213,-0.1712657064199447,0.5000000596046448,-0.0306634809821844,0.5370163321495056,107.32999420166016,25.21,0
-0.863033652305603,-0.1714839935302734,0.5000000596046448,0.059138610959053,0.536954939365387,107.32999420166016,25.21,0
-0.8617228865623474,-0.1716240793466568,0.5000000596046448,0.134681299328804,0.5369155406951904,107.32999420166016,25.21,0
-0.8608817458152771,-0.1717139780521392,0.5000000596046448,0.0434398017823696,0.5382674336433411,107.48762512207033,25.19,0
-0.8603419661521912,-0.1717716604471206,0.5000000596046448,-0.1440864503383636,0.5391349792480469,107.58878326416016,25.19,0
-0.8599955439567566,-0.1718086898326873,0.5000000596046448,-0.2142739593982696,0.539691686630249,107.65370178222656,25.19,0
-0.8597732186317444,-0.1718324422836303,0.5000000596046448,-0.1231783926486969,0.5400489568710327,107.69536590576172,25.19,0
-0.8596305251121521,-0.1718476861715316,0.5000000596046448,0.0391761995851993,0.5402782559394836,107.72209930419922,25.19,0
-0.8595389723777771,-0.171857476234436,0.5000000596046448,0.2150175273418426,0.5404254198074341,107.7392578125,25.19,0
-0.8594802021980286,-0.1718637496232986,0.5000000596046448,0.3206972181797027,0.5405198335647583,107.7502670288086,25.19,0
-0.8594425320625305,-0.1718677729368209,0.5000000596046448,0.2846216857433319,0.5405804514884949,107.75733184814452,25.19,0
-0.8594183325767517,-0.1718703657388687,0.5000000596046448,0.2220621407032013,0.5406193137168884,107.76187133789062,25.19,0
-0.8594028353691101,-0.1718720197677612,0.5000000596046448,0.2714794278144836,0.5406442880630493,107.76478576660156,25.19,0
-0.8593928813934326,-0.1718730926513672,0.5000000596046448,0.4178350269794464,0.5406603217124939,107.76665496826172,25.19,0
-0.8593865036964417,-0.1718737781047821,0.5000000596046448,0.5905742645263672,0.5406705737113953,107.76785278320312,25.19,0
-0.8593823909759521,-0.1718742102384567,0.5000000596046448,0.7121760845184326,0.5406771898269653,107.76862335205078,25.19,0
-0.859379768371582,-0.1718744933605194,0.5000000596046448,0.6182495355606079,0.5406814217567444,107.76911163330078,25.19,0
-0.8593780398368835,-0.1718746721744537,0.5000000596046448,0.2212107628583908,0.5406841039657593,107.7694320678711,25.19,0
-0.8649747371673584,-0.1718747913837433,0.5000000596046448,-0.2306275069713592,0.5406858325004578,107.76963806152344,25.19,0
-0.8629685640335083,-0.1718748658895492,0.5000000596046448,-0.3737057149410248,0.5397691130638123,107.76976776123048,25.19,0
-0.8616811633110046,-0.1718749105930328,0.5000000596046448,-0.2183273583650589,0.5391808152198792,107.76985168457033,25.19,0
-0.860854983329773,-0.1718749403953552,0.5000000596046448,-0.1329447776079177,0.5388032793998718,107.76990509033205,25.19,0
-0.8659225702285767,-0.1718749552965164,0.5000000596046448,-0.3181837201118469,0.5385609865188599,107.76993560791016,25.19,0
-0.869174599647522,-0.1718749701976776,0.5000000596046448,-0.5839449763298035,0.5384055376052856,107.76995849609376,25.19,0
-0.8656638264656067,-0.1718749850988388,0.5000000596046448,-0.6935914754867554,0.5383057594299316,107.7699737548828,25.19,0
-0.8634108304977417,-0.1718749850988388,0.5000000596046448,-0.5955752730369568,0.5382417440414429,107.76998138427734,25.19,0
-0.8619649410247803,-0.1718749850988388,0.5000000596046448,-0.3571279048919678,0.5382006168365479,107.76998901367188,25.19,0
-0.8666348457336426,-0.1718749850988388,0.5000000596046448,-0.0930462628602981,0.5390921235084534,107.76998901367188,25.19,0
-0.8640339374542236,-0.1718749850988388,0.5000000596046448,0.0800087004899978,0.5396642088890076,107.76998901367188,25.19,0
-0.8623648285865784,-0.1718749850988388,0.5000000596046448,0.1444919407367706,0.540031373500824,107.76998901367188,25.19,0
-0.8612936735153198,-0.1718749850988388,0.5000000596046448,0.1858735680580139,0.5402669906616211,107.76998901367188,25.19,0
-0.86060631275177,-0.1718749850988388,0.5000000596046448,0.2410905361175537,0.5404181480407715,107.76998901367188,25.19,0
-0.8601651787757874,-0.1718749850988388,0.5000000596046448,0.2442824244499206,0.5405151844024658,107.76998901367188,25.19,0
-0.859882116317749,-0.1718749850988388,0.5000000596046448,0.199757307767868,0.5405774712562561,107.76998901367188,25.19,0
-0.8597004413604736,-0.1718749850988388,0.5000000596046448,0.260748028755188,0.5406174063682556,107.76998901367188,25.19,0
-0.859583854675293,-0.1718749850988388,0.5000000596046448,0.4575217068195343,0.5401841402053833,107.8667221069336,25.19,0
-0.8595090508460999,-0.1718749850988388,0.5000000596046448,0.6267906427383423,0.5399060845375061,107.92880249023438,25.19,0
-0.8594610095024109,-0.1718749850988388,0.5000000596046448,0.670931339263916,0.5397276282310486,107.96864318847656,25.19,0
-0.859430193901062,-0.1718749850988388,0.5000000596046448,0.6061113476753235,0.5396131277084351,107.99420928955078,25.19,0
-0.8594104051589966,-0.1718749850988388,0.5000000596046448,0.4570363163948059,0.539539635181427,108.01061248779295,25.19,0
-0.8593977093696594,-0.1718749850988388,0.5000000596046448,0.3398730754852295,0.5394924879074097,108.0211410522461,25.19,0
-0.85938960313797,-0.1718749850988388,0.5000000596046448,0.3757443130016327,0.5394622087478638,108.02790069580078,25.19,0
-0.8593843579292297,-0.1718749850988388,0.5000000596046448,0.473998486995697,0.539442777633667,108.03223419189452,25.19,0
-0.8593810200691223,-0.1718749850988388,0.5000000596046448,0.522722065448761,0.5412663817405701,108.03501892089844,25.19,0
-0.8649766445159912,-0.1718749850988388,0.5000000596046448,0.6077286601066589,0.5424366593360901,108.03680419921876,25.19,0
-0.8629698157310486,-0.1774727702140808,0.5000000596046448,0.7554279565811157,0.54318767786026,108.03794860839844,25.19,0
-0.8616819381713867,-0.1754673272371292,0.5000000596046448,0.7570659518241882,0.5436696410179138,108.03868103027344,25.19,0
-0.8608554601669312,-0.1741803437471389,0.5000000596046448,0.4643459022045135,0.5439789295196533,108.03915405273438,25.19,0
-0.8603250980377197,-0.1733544319868087,0.5000000596046448,0.0794533416628837,0.5441774129867554,108.03945922851562,25.19,0
-0.8599846959114075,-0.1728244125843048,0.5000000596046448,-0.0851492956280708,0.5443047881126404,108.0396499633789,25.19,0
-0.8597662448883057,-0.172484278678894,0.5000000596046448,0.0170075986534357,0.5443865656852722,108.0397720336914,25.19,0
-0.859626054763794,-0.1722660064697265,0.5000000596046448,0.1363046467304229,0.5448979735374451,108.03985595703124,25.19,0
-0.8595361113548279,-0.1721259206533432,0.5000000596046448,0.0444815680384635,0.5452261567115784,108.03990936279295,25.19,0
-0.8594784140586853,-0.1720360219478607,0.5000000596046448,-0.1649133861064911,0.5454367399215698,108.0399398803711,25.19,0
-0.8650391101837158,-0.1719783395528793,0.5000000596046448,-0.1846485882997512,0.5455718636512756,108.03996276855467,25.19,0
-0.8630099296569824,-0.1719413101673126,0.5000000596046448,0.0140584586188197,0.5456585884094238,108.03997802734376,25.19,0
-0.8617076873779297,-0.1719175577163696,0.5000000596046448,0.0914211496710777,0.545714259147644,108.03998565673828,25.19,0
-0.8608719706535339,-0.1719023138284683,0.5000000596046448,-0.174198567867279,0.5457499623298645,108.0399932861328,25.19,0
-0.860335648059845,-0.1718925237655639,0.5000000596046448,-0.5775253772735596,0.545772910118103,108.0399932861328,25.19,0
-0.8599914908409119,-0.1718862503767013,0.5000000596046448,-0.8399399518966675,0.5453287363052368,108.0399932861328,25.19,0
-0.859770655632019,-0.171882227063179,0.5000000596046448,-0.8220486044883728,0.5450436472892761,108.0399932861328,25.19,0
-0.8596289157867432,-0.1718796342611313,0.5000000596046448,-0.4988828897476196,0.5448607206344604,108.0399932861328,25.19,0
-0.8595379590988159,-0.1718779802322387,0.5000000596046448,-0.1266952157020568,0.5447432994842529,108.0399932861328,25.19,0
-0.8594796061515808,-0.1718769073486328,0.5000000596046448,-0.0598102435469627,0.5446679592132568,108.0399932861328,25.19,0
-0.8594421148300171,-0.1718762218952179,0.5000000596046448,-0.2139289826154709,0.544619619846344,108.0399932861328,25.19,0
-0.8594180941581726,-0.1718757897615432,0.5000000596046448,-0.2232691198587417,0.544588565826416,108.0399932861328,25.19,0
-0.8594026565551758,-0.1718755066394806,0.5000000596046448,-0.0752123370766639,0.544568657875061,108.0399932861328,25.19,0
-0.8593927621841431,-0.1718753278255462,0.5000000596046448,0.0198019854724407,0.5445559024810791,108.14389038085938,25.19,0
-0.8593863844871521,-0.1718752086162567,0.5000000596046448,0.0879418551921844,0.5445476770401001,108.21056365966795,25.19,0
-0.8593823313713074,-0.1718751341104507,0.5000000596046448,0.1567481309175491,0.5445424318313599,108.25335693359376,25.19,0
-0.8593797087669373,-0.1718750894069671,0.5000000596046448,0.0289404150098562,0.5445390343666077,108.28081512451172,25.19,0
-0.8649758100509644,-0.1718750596046447,0.5000000596046448,-0.2501208782196045,0.5445368885993958,108.2984390258789,25.19,0
-0.8629692792892456,-0.1718750447034835,0.5000000596046448,-0.3109813630580902,0.5445355176925659,108.30974578857422,25.19,0
-0.8616815805435181,-0.1718750298023224,0.5000000596046448,-0.0885101035237312,0.5445346236228943,108.31700134277344,25.19,0
-0.860855221748352,-0.1718750149011612,0.5000000596046448,0.0865023359656333,0.5445340275764465,108.3216552734375,25.19,0
-0.8603249192237854,-0.1718750149011612,0.5000000596046448,0.0877554044127464,0.5449925661087036,108.32464599609376,25.19,0
-0.8599845767021179,-0.1718750149011612,0.5000000596046448,0.1351330280303955,0.5452868342399597,108.3265609741211,25.19,0
-0.8597661852836609,-0.1718750149011612,0.5000000596046448,0.308840274810791,0.5454756617546082,108.32779693603516,25.19,0
-0.859626054763794,-0.1718750149011612,0.5000000596046448,0.4024027287960052,0.5455968379974365,108.3285903930664,25.19,0
-0.8595361113548279,-0.1718750149011612,0.5000000596046448,0.2761517763137817,0.5456746220588684,108.32909393310548,25.19,0
-0.8650761842727661,-0.1662772297859192,0.5000000596046448,0.0769062042236328,0.5457245707511902,108.32942199707033,25.19,0
-0.8686314821243286,-0.1682826727628708,0.5000000596046448,-0.0151323890313506,0.5457565784454346,108.32962799072266,25.19,0
-0.8653152585029602,-0.169569656252861,0.5000000596046448,-0.0276239737868309,0.5457771420478821,108.32976531982422,25.19,0
-0.8631871342658997,-0.1703955680131912,0.5000000596046448,-0.1108744367957115,0.5467085242271423,108.32984924316406,25.19,0
-0.8674191832542419,-0.1709255874156952,0.5000000596046448,-0.3398460149765014,0.54730623960495,108.32990264892578,25.19,0
-0.8701350688934326,-0.1712657213211059,0.5000000596046448,-0.6587504148483276,0.5476898550987244,108.32994079589844,25.19,0
-0.866280198097229,-0.1714839935302734,0.5000000596046448,-0.9780473113059998,0.5479360222816467,108.32996368408205,25.19,0
-0.8638063669204712,-0.1716240793466568,0.5000000596046448,-1.1793711185455322,0.5480939745903015,108.3299789428711,25.19,0
-0.8678165674209595,-0.1717139780521392,0.5000000596046448,-1.09719717502594,0.5481953620910645,108.32998657226562,25.19,0
-0.8703900575637817,-0.1717716604471206,0.5000000596046448,-0.7614392042160034,0.5482604503631592,108.32999420166016,25.19,0
-0.8664438128471375,-0.1718086898326873,0.5000000596046448,-0.4635698199272156,0.548302173614502,108.32999420166016,25.19,0
-0.8639113306999207,-0.1718324422836303,0.5000000596046448,-0.3834742307662964,0.5483289957046509,108.32999420166016,25.19,0
-0.8678839206695557,-0.1718476861715316,0.5000000596046448,-0.4180553257465362,0.5483461618423462,108.32999420166016,25.19,0
-0.8648355603218079,-0.171857476234436,0.5000000596046448,-0.4832383990287781,0.5483571887016296,108.32999420166016,25.19,0
-0.8628792762756348,-0.1718637496232986,0.5000000596046448,-0.582390308380127,0.5483642816543579,108.32999420166016,25.19,0
-0.8616238236427307,-0.1718677729368209,0.5000000596046448,-0.6030294299125671,0.5483688116073608,108.32999420166016,25.19,0
-0.8608181476593018,-0.1718703657388687,0.5000000596046448,-0.4120675921440124,0.5483717322349548,108.32999420166016,25.19,0
-0.8658989071846008,-0.1718720197677612,0.5000000596046448,-0.0996427908539772,0.5483736395835876,108.32999420166016,25.19,0
-0.8635616898536682,-0.1718730926513672,0.5000000596046448,0.1545921117067337,0.5483748316764832,108.32999420166016,25.19,0
-0.8620617985725403,-0.1718737781047821,0.5000000596046448,0.3141628801822662,0.5488345623016357,108.44105529785156,25.21,0
-0.8610992431640625,-0.1718742102384567,0.5000000596046448,0.4488093554973602,0.5491295456886292,108.5123291015625,25.21,0
-0.8604815006256104,-0.1718744933605194,0.5000000596046448,0.574626088142395,0.5493188500404358,108.55806732177734,25.21,0
-0.86568284034729,-0.1718746721744537,0.5000000596046448,0.6589505672454834,0.549440324306488,108.58741760253906,25.21,0
-0.8634229898452759,-0.1718747913837433,0.5000000596046448,0.6844045519828796,0.5495182871818542,108.60625457763672,25.21,0
-0.8619727492332458,-0.1718748658895492,0.5000000596046448,0.6613311171531677,0.5495683550834656,108.61834716796876,25.21,0
-0.8610420823097229,-0.1718749105930328,0.5000000596046448,0.6393588185310364,0.5496004819869995,108.62610626220705,25.21,0
-0.8604448437690735,-0.1718749403953552,0.5000000596046448,0.6001802086830139,0.5496211051940918,108.6310806274414,25.21,0
-0.8600615859031677,-0.1718749552965164,0.5000000596046448,0.4496474862098694,0.548716127872467,108.63427734375,25.21,0
-0.8598155975341797,-0.1718749701976776,0.5000000596046448,0.1954109072685241,0.5481353402137756,108.6363296508789,25.21,0
-0.8596577644348145,-0.1718749850988388,0.5000000596046448,0.0071784825995564,0.5477626323699951,108.63764190673828,25.21,0
-0.8595564365386963,-0.1718749850988388,0.5000000596046448,-0.1064531058073043,0.5475234389305115,108.63848876953124,25.21,0
-0.8594914078712463,-0.1718749850988388,0.5000000596046448,-0.3011828660964966,0.5473699569702148,108.63903045654295,25.21,0
-0.8538519144058228,-0.1718749850988388,0.5055978298187256,-0.5837825536727905,0.5472714304924011,108.63937377929688,25.21,0
-0.8558306097984314,-0.1718749850988388,0.5035923719406128,-0.7579736709594727,0.5472082495689392,108.63959503173828,25.21,0
-0.8571004271507263,-0.1718749850988388,0.5023053884506226,-0.7121261358261108,0.5471676588058472,108.63973999023438,25.21,0
-0.8579152822494507,-0.1718749850988388,0.5070772171020508,-0.5143227577209473,0.5480598211288452,108.63983154296876,25.21,0
-0.8640360236167908,-0.1718749850988388,0.5045417547225952,-0.2834892570972442,0.5486323833465576,108.639892578125,25.21,0
-0.8623661994934082,-0.1718749850988388,0.5029146075248718,-0.0708672329783439,0.5489998459815979,108.63993072509766,25.21,0
-0.8612945675849915,-0.1718749850988388,0.5018704533576965,0.0870767906308174,0.5492356419563293,108.63995361328124,25.21,0
-0.860606849193573,-0.1718749850988388,0.5012003779411316,0.0737937539815902,0.5493869781494141,108.63996887207033,25.21,0
-0.860165536403656,-0.1718749850988388,0.5007703304290771,-0.1317722052335739,0.5494840741157532,108.63997650146484,25.21,0
-0.8654801249504089,-0.1718749850988388,0.5004943609237671,-0.3389266729354858,0.5495463609695435,108.63998413085938,25.21,0
-0.863292932510376,-0.1718749850988388,0.5003172755241394,-0.4037975668907165,0.5495863556861877,108.6399917602539,25.21,0
-0.8618893027305603,-0.1718749850988388,0.5002036094665527,-0.4203499257564544,0.5482348799705505,108.6399917602539,25.21,0
-0.8609885573387146,-0.1718749850988388,0.5001306533813477,-0.4381374418735504,0.5473675727844238,108.6399917602539,25.21,0
-0.8604105114936829,-0.1718749850988388,0.500083863735199,-0.3241623044013977,0.5468109846115112,108.6399917602539,25.21,0
-0.8656373023986816,-0.1718749850988388,0.5000538229942322,-0.0575605258345603,0.5464537739753723,108.6399917602539,25.21,0
-0.8633937835693359,-0.1718749850988388,0.500034511089325,0.1815980821847915,0.5462245345115662,108.6399917602539,25.21,0
-0.8619540333747864,-0.1718749850988388,0.4944243729114532,0.2347642034292221,0.5460774302482605,108.6399917602539,25.21,0
-0.861030101776123,-0.1718749850988388,0.4964218735694885,0.1470755785703659,0.545983076095581,108.6399917602539,25.21,0
-0.8604371547698975,-0.1718749850988388,0.4977037608623504,0.0872194916009903,0.5459225177764893,108.6399917602539,25.21,0
-0.8656544089317322,-0.1718749850988388,0.498526394367218,0.1097110882401466,0.5463425517082214,108.754638671875,25.17,0
-0.8634047508239746,-0.1718749850988388,0.4990543127059936,0.1133971661329269,0.5466121435165405,108.82820892333984,25.17,0
-0.8619610667228699,-0.1718749850988388,0.499393105506897,0.0835195034742355,0.5467851161956787,108.87542724609376,25.17,0
-0.866632342338562,-0.1718749850988388,0.4996105432510376,0.0679283142089843,0.5468961596488953,108.90572357177734,25.17,0
-0.8640323281288147,-0.1718749850988388,0.4997500777244568,-0.063884787261486,0.5469673871994019,108.9251708984375,25.17,0
-0.8623638153076172,-0.1718749850988388,0.4998396039009094,-0.417167991399765,0.5470131039619446,108.9376449584961,25.17,0
-0.8668908476829529,-0.1718749850988388,0.4998970627784729,-0.765692412853241,0.5470424294471741,108.9456558227539,25.17,0
-0.8697960376739502,-0.1718749850988388,0.4999339282512665,-0.8711302876472473,0.5470612645149231,108.95079803466795,25.17,0
-0.8716604113578796,-0.1718749850988388,0.4999575912952423,-0.7990738749504089,0.5475326180458069,108.95409393310548,25.17,0
-0.872856855392456,-0.1718749850988388,0.49997279047966,-0.6704329252243042,0.547835111618042,108.95620727539062,25.17,0
-0.868026852607727,-0.1718749850988388,0.4999825358390808,-0.5592179894447327,0.5480292439460754,108.9575653076172,25.17,0
-0.8649272322654724,-0.1718749850988388,0.4999887943267822,-0.6060716509819031,0.548153817653656,108.95843505859376,25.17,0
-0.8685358762741089,-0.1718749850988388,0.4999928176403045,-0.8116858005523682,0.5482337474822998,108.95899200439452,25.17,0
-0.8652539253234863,-0.1718749850988388,0.4999953806400299,-0.9400545358657836,0.5482850670814514,108.9593505859375,25.17,0
-0.8631477355957031,-0.1718749850988388,0.4999970495700836,-0.84688800573349,0.5483179688453674,108.95957946777344,25.17,0
-0.8673939108848572,-0.166277214884758,0.4999980926513672,-0.64737868309021,0.5483391284942627,108.95973205566406,25.17,0
-0.8701188564300537,-0.1682826578617096,0.4999987781047821,-0.4476935565471649,0.5474344491958618,108.95983123779295,25.17,0
-0.8662697672843933,-0.1695696413516998,0.4999992251396179,-0.2407304644584655,0.5468538999557495,108.95989227294922,25.17,0
-0.8637996912002563,-0.17039555311203,0.4999994933605194,-0.0756702944636344,0.5464813113212585,108.95993041992188,25.17,0
-0.8678122758865356,-0.170925572514534,0.4944019019603729,-0.1130472049117088,0.5462422370910645,108.95995330810548,25.17,0
-0.8703873157501221,-0.1656679362058639,0.4964074492454529,-0.4343873262405395,0.5460888147354126,108.95996856689452,25.17,0
-0.8720398545265198,-0.1622938960790634,0.4920967221260071,-0.7874904870986938,0.5459903478622437,108.95997619628906,25.17,0
-0.8675025701522827,-0.1657263934612274,0.4949281215667724,-0.7812243700027466,0.5459271669387817,108.9599838256836,25.17,0
-0.8701885938644409,-0.1623314023017883,0.4967451691627502,-0.3974501490592956,0.5458866357803345,108.95999145507812,25.17,0
-0.8719123005867004,-0.1657504737377166,0.4979112446308136,0.0422931425273418,0.547237753868103,108.95999145507812,25.17,0
-0.8730185031890869,-0.1679446250200271,0.4986595511436462,0.4427200555801391,0.5481048226356506,108.95999145507812,25.17,0
-0.868130624294281,-0.1693527102470398,0.4935420155525207,0.9074804186820984,0.5486612319946289,108.95999145507812,25.17,0
-0.8705916404724121,-0.1702563464641571,0.4902578592300415,1.230814814567566,0.5490183234214783,108.95999145507812,25.17,0
-0.8721709847450256,-0.1708362400531768,0.4881502687931061,1.108715295791626,0.5492475032806396,108.95999145507812,25.17,0
-0.8731845021247864,-0.171208381652832,0.4923955202102661,0.7222573757171631,0.5493945479393005,108.95999145507812,25.17,0
-0.8738349080085754,-0.1714472025632858,0.4951198697090149,0.5638153553009033,0.54948890209198,108.95999145507812,25.17,0
-0.8742523193359375,-0.1660026907920837,0.496868222951889,0.7451598644256592,0.5495494604110718,108.95999145507812,25.17,0
-0.8745201826095581,-0.1681064963340759,0.4979901909828186,1.0012567043304443,0.5491294264793396,109.05313873291016,25.19,0
-0.8690943121910095,-0.1694565862417221,0.4931124448776245,1.1799352169036863,0.5488598346710205,109.1129150390625,25.19,0
-0.865612268447876,-0.1703229993581771,0.4955799579620361,1.301766037940979,0.5486868619918823,109.15128326416016,25.19,0
-0.8633776903152466,-0.1708790212869644,0.4971634745597839,1.2509772777557373,0.5485758185386658,109.1759033203125,25.19,0
-0.867541491985321,-0.1712358444929123,0.4925819039344787,0.8816218972206116,0.5485045909881592,109.19170379638672,25.19,0
-0.8702135682106018,-0.1714648306369781,0.4952394962310791,0.3436544835567474,0.5484588742256165,109.20184326171876,25.19,0
-0.8663305640220642,-0.1716117709875106,0.4969449937343597,0.012748297303915,0.548429548740387,109.2083511352539,25.19,0
-0.8638386726379395,-0.1717060804367065,0.4980394840240478,-0.0025666025467216,0.5484107136726379,109.2125244140625,25.19,0
-0.8678373098373413,-0.1717665940523147,0.498741865158081,0.0019354776013642,0.548857569694519,109.21520233154295,25.19,0
-0.8704034090042114,-0.1718054264783859,0.4991925954818725,-0.1743041276931762,0.5491443276405334,109.2169189453125,25.19,0
-0.8664523959159851,-0.1718303561210632,0.4994818568229675,-0.3053174614906311,0.5493283271789551,109.21802520751952,25.19,0
-0.8639168739318848,-0.1718463450670242,0.4996674954891205,-0.1887700110673904,0.5494464635848999,109.21873474121094,25.19,0
-0.8622897267341614,-0.1718566119670868,0.4997866153717041,-0.0674030855298042,0.5495222210884094,109.21918487548828,25.19,0
-0.8668432831764221,-0.1718631982803344,0.4942652881145477,-0.211636483669281,0.5495708584785461,109.21947479248048,25.19,0
-0.8697654604911804,-0.1718674302101135,0.4963198006153106,-0.4367524683475494,0.5496020913124084,109.21966552734376,25.19,0
-0.866042971611023,-0.1718701422214508,0.4976382553577423,-0.4343333542346954,0.549622118473053,109.21978759765624,25.19,0
-0.8636541366577148,-0.1718718856573104,0.4984843730926513,-0.242904394865036,0.5496349930763245,109.21986389160156,25.19,0
-0.8677188754081726,-0.1718730032444,0.4990273714065552,-0.1272214502096176,0.5496432185173035,109.21990966796876,25.19,0
-0.8703274130821228,-0.1718737185001373,0.4993758201599121,-0.1640426516532898,0.5496485233306885,109.21994018554688,25.19,0
-0.8664036393165588,-0.1718741804361343,0.499599426984787,-0.2629064619541168,0.5496519207954407,109.21996307373048,25.19,0
-0.8638855814933777,-0.1718744784593582,0.4997429251670837,-0.4302462637424469,0.5496541261672974,109.21997833251952,25.19,0
-0.8678674101829529,-0.1718746721744537,0.4998350143432617,-0.6451125741004944,0.5496554970741272,109.21998596191406,25.19,0
-0.8648249506950378,-0.1718747913837433,0.4998941123485565,-0.6898544430732727,0.5496563911437988,109.2199935913086,25.19,0
-0.8628724813461304,-0.1718748658895492,0.499932050704956,-0.5501861572265625,0.5496569871902466,109.2199935913086,25.19,0
-0.8616194725036621,-0.1718749105930328,0.4999563992023468,-0.4605550765991211,0.5501163005828857,109.2199935913086,25.19,0
-0.8608153462409973,-0.1718749403953552,0.4999720156192779,-0.4209478795528412,0.5504110455513,109.2199935913086,25.19,0
-0.8602993488311768,-0.1718749552965164,0.4999820291996002,-0.1877408772706985,0.5506001710891724,109.2199935913086,25.19,0
-0.8599681854248047,-0.1718749701976776,0.4943906962871551,0.2341937124729156,0.5507215857505798,109.2199935913086,25.19,0
-0.8653534650802612,-0.1718749850988388,0.4964002668857574,0.6088617444038391,0.5507994890213013,109.2199935913086,25.19,0
-0.8632116317749023,-0.1718749850988388,0.4976899027824402,0.76332026720047,0.5508494973182678,109.2199935913086,25.19,0
-0.8618371486663818,-0.1718749850988388,0.4929197430610657,0.6474883556365967,0.550881564617157,109.2199935913086,25.19,0
-0.8609550595283508,-0.1718749850988388,0.4954563081264496,0.4191033244132995,0.5509021282196045,109.2199935913086,25.19,0
-0.8659867644309998,-0.1718749850988388,0.4970841109752655,0.3477730453014374,0.5522924661636353,109.32030487060548,25.17,0
-0.8692158460617065,-0.1718749850988388,0.498128741979599,0.4023095071315765,0.5531846880912781,109.38468170166016,25.17,0
-0.865690290927887,-0.1718749850988388,0.4987991452217102,0.3907343745231628,0.5537573099136353,109.42599487304688,25.17,0
-0.8634278178215027,-0.1718749850988388,0.499229371547699,0.3367326557636261,0.5541247725486755,109.45250701904295,25.17,0
-0.867573618888855,-0.1718749850988388,0.4995054602622986,0.3164077401161194,0.554360568523407,109.46952056884766,25.17,0
-0.8702341914176941,-0.1718749850988388,0.4996826350688934,0.2496257573366165,0.5545119047164917,109.48043823242188,25.17,0
-0.8719415664672852,-0.1718749850988388,0.4941985607147217,0.1530302911996841,0.5546090006828308,109.4874496459961,25.17,0
-0.8674395084381104,-0.1718749850988388,0.4906792044639587,0.1734401136636734,0.5546713471412659,109.491943359375,25.17,0
-0.8645503520965576,-0.1718749850988388,0.4940184354782104,0.286850094795227,0.5533342361450195,109.4948272705078,25.17,0
-0.8682940006256104,-0.1718749850988388,0.4961613714694977,0.3023088872432709,0.5524761080741882,109.4966812133789,25.17,0
-0.870696485042572,-0.1718749850988388,0.491938829421997,0.1259355098009109,0.5519254207611084,109.49787139892578,25.17,0
-0.8666404485702515,-0.1718749850988388,0.4948267936706543,-0.1305537819862365,0.5515720248222351,109.4986343383789,25.17,0
-0.8640375733375549,-0.1718749850988388,0.4966801404953003,-0.2593280971050262,0.5513452291488647,109.4991226196289,25.17,0
-0.8623671531677246,-0.1718749850988388,0.4922717213630676,-0.1950824558734893,0.5511996746063232,109.49943542480467,25.17,0
-0.8668929934501648,-0.1718749850988388,0.4950404465198517,-0.0822017788887023,0.5511062741279602,109.49964141845705,25.17,0
-0.86979740858078,-0.1718749850988388,0.4912194609642029,-0.0993258506059646,0.5510463714599609,109.49977111816406,25.17,0
-0.8716613054275513,-0.1718749850988388,0.4887673854827881,-0.2786961793899536,0.5523850321769714,109.4998550415039,25.17,0
-0.872857391834259,-0.1718749850988388,0.4927915632724762,-0.5156132578849792,0.5532441139221191,109.49990844726562,25.17,0
-0.8736249804496765,-0.1718749850988388,0.4897762537002563,-0.6604878902435303,0.5537953972816467,109.49993896484376,25.17,0
-0.8741176128387451,-0.1718749850988388,0.4878412187099457,-0.6065744757652283,0.5541492104530334,109.49996185302734,25.17,0
-0.8744337558746338,-0.1718749850988388,0.4865994155406952,-0.382099449634552,0.5543762445449829,109.4999771118164,25.17,0
-0.8746365904808044,-0.1718749850988388,0.4858025014400482,-0.1592276096343994,0.5545219779014587,109.49998474121094,25.17,0
-0.8747667670249939,-0.1718749850988388,0.4852910935878753,-0.1666694730520248,0.5546154975891113,109.49999237060548,25.17,0
-0.874850332736969,-0.1718749850988388,0.4905606806278229,-0.4258081018924713,0.5546755194664001,109.49999237060548,25.17,0
-0.869306206703186,-0.1718749850988388,0.493942379951477,-0.6207689642906189,0.5537958145141602,109.49999237060548,25.17,0
-0.8713460564613342,-0.1718749850988388,0.4905147850513458,-0.4879381656646728,0.5532312393188477,109.49999237060548,25.17,0
-0.8726550936698914,-0.1718749850988388,0.4883151650428772,-0.1340018510818481,0.5528689622879028,109.49999237060548,25.17,0
-0.8678973913192749,-0.1718749850988388,0.486903578042984,0.2722629010677337,0.552636444568634,109.49999237060548,25.17,0
-0.8648442029953003,-0.1718749850988388,0.4859977066516876,0.6691181063652039,0.5524872541427612,109.49999237060548,25.17,0
-0.8684825897216797,-0.1718749850988388,0.4910141229629516,0.8664757013320923,0.552391529083252,109.49999237060548,25.17,0
-0.8708174824714661,-0.1718749850988388,0.4886355996131897,0.6957746744155884,0.5523300766944885,109.49999237060548,25.17,0
-0.8723158836364746,-0.1718749850988388,0.4871092140674591,0.396352082490921,0.5522906184196472,109.49999237060548,25.17,0
-0.8676797151565552,-0.1718749850988388,0.4861296713352203,0.2400256544351577,0.5518063902854919,109.60388946533205,25.19,0
-0.8647044897079468,-0.1718749850988388,0.4910988211631775,0.0752179771661758,0.5514956712722778,109.67056274414062,25.19,0
-0.8683929443359375,-0.1718749850988388,0.4886899590492248,-0.2562483549118042,0.5512962341308594,109.7133560180664,25.19,0
-0.8707599639892578,-0.1718749850988388,0.4927418529987335,-0.5441984534263611,0.5511682629585266,109.74081420898438,25.19,0
-0.8666812181472778,-0.1718749850988388,0.4897443652153015,-0.5462769269943237,0.5510861277580261,109.75843811035156,25.19,0
-0.8696615099906921,-0.1718749850988388,0.4878207445144653,-0.3290736377239227,0.5510334372520447,109.76974487304688,25.19,0
-0.8715740442276001,-0.1718749850988388,0.4865862727165222,-0.110868401825428,0.550999641418457,109.7770004272461,25.19,0
-0.8672036528587341,-0.1718749850988388,0.4857940673828125,0.0291631557047367,0.5509779453277588,109.78165435791016,25.19,0
-0.8699967265129089,-0.1718749850988388,0.4852856695652008,0.1799311339855194,0.5509639978408813,109.7846450805664,25.19,0
-0.8717891573905945,-0.1718749850988388,0.4905571937561035,0.3877451717853546,0.550955057144165,109.78656005859376,25.19,0
-0.8673416972160339,-0.1718749850988388,0.4883423745632171,0.5712643265724182,0.5509493350982666,109.7877960205078,25.19,0
-0.8700853586196899,-0.1718749850988388,0.4869210422039032,0.6711235046386719,0.5509456396102905,109.78858947753906,25.19,0
-0.871846079826355,-0.1718749850988388,0.4916066825389862,0.6528081297874451,0.5509432554244995,109.78909301757812,25.19,0
-0.8673782348632812,-0.1718749850988388,0.4890158772468567,0.5192468166351318,0.5509417653083801,109.78942108154295,25.19,0
-0.8701087832450867,-0.1718749850988388,0.4929510354995727,0.4012916684150696,0.5509408116340637,109.78962707519533,25.19,0
-0.8662633299827576,-0.1718749850988388,0.4954763948917389,0.3972463309764862,0.5509401559829712,109.78976440429688,25.19,0
-0.8693932890892029,-0.1718749850988388,0.4914992451667785,0.3803199827671051,0.5509397387504578,109.78984832763672,25.19,0
-0.865804135799408,-0.1718749850988388,0.4889469444751739,0.2189894467592239,0.5509395003318787,109.78990173339844,25.19,0
-0.8635008335113525,-0.1718749850988388,0.492906779050827,0.0151446713134646,0.5509393215179443,109.7899398803711,25.19,0
-0.8676204681396484,-0.1718749850988388,0.4898501932621002,-0.094175711274147,0.5509392023086548,109.78996276855467,25.19,0
-0.8702642321586609,-0.1718749850988388,0.4878886640071869,-0.0998448804020881,0.55093914270401,109.78997802734376,25.19,0
-0.8663631081581116,-0.1718749850988388,0.4866298735141754,0.0004116640484426,0.5509390830993652,109.78998565673828,25.19,0
-0.8638595938682556,-0.1718749850988388,0.4858220517635345,0.1435672044754028,0.5509390830993652,109.7899932861328,25.19,0
-0.8678507208824158,-0.1718749850988388,0.4853036403656006,0.0957157462835311,0.5509390830993652,109.7899932861328,25.19,0
-0.8704119920730591,-0.166277214884758,0.4849709570407867,-0.2001031786203384,0.5518572926521301,109.7899932861328,25.19,0
-0.8776534795761108,-0.1682826578617096,0.4847574532032013,-0.4078556001186371,0.5524465441703796,109.7899932861328,25.19,0
-0.8767028450965881,-0.1695696413516998,0.4846204221248626,-0.2975639998912811,0.5528246760368347,109.7899932861328,25.19,0
-0.876092791557312,-0.17039555311203,0.4845325052738189,-0.1443859636783599,0.5530673265457153,109.7899932861328,25.19,0
-0.8757013082504272,-0.170925572514534,0.4788782894611358,-0.2216313332319259,0.5532230734825134,109.7899932861328,25.19,0
-0.875450074672699,-0.1712657064199447,0.4808475375175476,-0.3607673346996307,0.5533230304718018,109.7899932861328,25.19,0
-0.8640933036804199,-0.1658862233161926,0.4821112751960754,-0.3139189481735229,0.5533871650695801,109.7899932861328,25.19,0
-0.8624029159545898,-0.1624339669942855,0.4885200560092926,-0.1369687467813491,0.5534282922744751,109.7899932861328,25.19,0
-0.8781114816665649,-0.1658162921667099,0.4814372956752777,0.0625695213675499,0.5525364875793457,109.89030456542967,25.17,0
-0.8881922960281372,-0.1679868698120117,0.4768919646739959,0.2371951788663864,0.5519641637802124,109.95468139648438,25.17,0
-0.8834660649299622,-0.1693798154592514,0.4795728325843811,0.3098515272140503,0.5515968799591064,109.9959945678711,25.17,0
-0.8804330229759216,-0.1702737361192703,0.4812932312488556,0.2525835037231445,0.5513612031936646,110.0225067138672,25.17,0
-0.8840844035148621,-0.1652496308088302,0.4767995178699493,0.129850372672081,0.5512099266052246,110.03952026367188,25.17,0
-0.8808298707008362,-0.167623221874237,0.4795134961605072,0.0295918639749288,0.5511128902435303,110.0504379272461,25.17,0
-0.8787412643432617,-0.1691464483737945,0.4812551736831665,0.0154077792540192,0.55105060338974,110.05744934082033,25.17,0
-0.8774009346961975,-0.1701239794492721,0.4823728799819946,0.0958696380257606,0.5510106086730957,110.06194305419922,25.17,0
-0.8765407800674438,-0.1707512885332107,0.4830901622772217,0.1654183119535446,0.551443874835968,110.06482696533205,25.17,0
-0.875988781452179,-0.1767516434192657,0.4835504591464996,0.1921377629041671,0.5517219305038452,110.06668090820312,25.17,0
-0.8756345510482788,-0.1806023269891739,0.4838458597660064,0.2128673493862152,0.5519003868103027,110.06787109375,25.17,0
-0.8754072189331055,-0.1774756908416748,0.4840354323387146,0.1616840362548828,0.5520148873329163,110.06863403320312,25.17,0
-0.8752613067626953,-0.1754692047834396,0.4841570854187011,0.0715163275599479,0.5520883798599243,110.06912231445312,25.17,0
-0.8751676678657532,-0.1741815507411956,0.4842351675033569,0.146207183599472,0.5521355271339417,110.0694351196289,25.17,0
-0.8751075863838196,-0.1733552068471908,0.4842852652072906,0.2872864603996277,0.5521658062934875,110.06964111328124,25.17,0
-0.8750690221786499,-0.1784226894378662,0.484317421913147,0.1342078596353531,0.5521852374076843,110.06977081298828,25.17,0
-0.8750442862510681,-0.1816747039556503,0.4843380451202392,-0.2578004002571106,0.5508208870887756,110.06985473632812,25.17,0
-0.8750284314155579,-0.1837616562843322,0.4843512773513794,-0.4842906892299652,0.5499453544616699,110.06990814208984,25.17,0
-0.8694204688072205,-0.1851009428501129,0.4787620007991791,-0.4970838129520416,0.5493834614753723,110.06993865966795,25.17,0
-0.8658215999603271,-0.1859604269266128,0.4807729125022888,-0.5232065916061401,0.5490228533744812,110.06996154785156,25.17,0
-0.8635120391845703,-0.1865119934082031,0.4820633828639984,-0.647447943687439,0.5487914681434631,110.06997680664062,25.17,0
-0.8620299100875854,-0.1868659555912017,0.4828915297985077,-0.8454039096832275,0.5486429929733276,110.06998443603516,25.17,0
-0.8610787391662598,-0.1870931088924408,0.4834229946136474,-1.0440921783447266,0.5485476851463318,110.06999206542967,25.17,0
-0.8604683876037598,-0.1872388869524002,0.4837640523910522,-1.05695641040802,0.5484865307807922,110.06999206542967,25.17,0
-0.8600766658782959,-0.1873324364423751,0.4839829206466675,-0.8466748595237732,0.549824059009552,110.06999206542967,25.17,0
-0.8654230833053589,-0.1873924732208252,0.4785256087779999,-0.6615721583366394,0.5506824254989624,110.06999206542967,25.17,0
-0.8688541054725647,-0.1874309927225113,0.4750234186649322,-0.6932520866394043,0.5512332916259766,110.06999206542967,25.17,0
-0.8710559010505676,-0.1874557137489318,0.4783737063407898,-0.8783809542655945,0.5515868067741394,110.06999206542967,25.17,0
-0.872468888759613,-0.1874715834856033,0.4805237054824829,-1.0294291973114014,0.5518136620521545,110.06999206542967,25.17,0
-0.873375654220581,-0.1874817609786987,0.481903463602066,-0.9938079118728638,0.551959216594696,110.06999206542967,25.17,0
-0.8739575743675232,-0.1874883025884628,0.477191150188446,-0.8312277793884277,0.5520526170730591,110.06999206542967,25.17,0
-0.8743310570716858,-0.1874924898147583,0.4741670489311218,-0.7913795709609985,0.5521125793457031,110.06999206542967,25.17,0
-0.8745707273483276,-0.1874951869249344,0.4722263514995575,-0.9234406352043152,0.5526103377342224,110.18463897705078,25.21,0
-0.8747245073318481,-0.1874969154596328,0.4709809124469757,-1.061928391456604,0.5529298186302185,110.25820922851562,25.21,0
-0.880420982837677,-0.2042913436889648,0.4589861333370209,-1.2081230878829956,0.5531347990036011,110.30542755126952,25.21,0
-0.8784788846969604,-0.1982757151126861,0.4624841213226318,-1.3771765232086182,0.5532663464546204,110.33572387695312,25.21,0
-0.877232551574707,-0.1944152265787124,0.4647289216518402,-1.277875900268555,0.5533508062362671,110.35517120361328,25.21,0
-0.8764327168464661,-0.1919377893209457,0.4661695063114166,-0.6875119209289551,0.5534049868583679,110.36764526367188,25.21,0
-0.8759194612503052,-0.1903479248285293,0.4670939743518829,0.1964928805828094,0.553439736366272,110.37565612792967,25.21,0
-0.8755900859832764,-0.1893276274204254,0.4676872491836548,1.122053861618042,0.553462028503418,110.38079833984376,25.21,0
-0.8753786683082581,-0.1886728703975677,0.4680679738521576,1.995466470718384,0.5530170798301697,110.38409423828124,25.21,0
-0.8752430081367493,-0.1882526874542236,0.4683123230934143,2.684945106506348,0.5527315139770508,110.3862075805664,25.21,0
-0.8751559257507324,-0.1879830360412597,0.4684691131114959,3.045013666152954,0.5525482296943665,110.38756561279295,25.21,0
-0.8751000761985779,-0.1878099888563156,0.4685697555541992,3.061130285263061,0.5524306297302246,110.38843536376952,25.21,0
-0.8750641942024231,-0.1876989305019378,0.4686343371868133,2.766954183578491,0.552355170249939,110.38899230957033,25.21,0
-0.8750411868095398,-0.1876276582479477,0.4686757624149322,2.3023104667663574,0.5523067116737366,110.38935089111328,25.21,0
-0.8750264048576355,-0.1875819265842437,0.4687023460865021,1.9575555324554443,0.5522756576538086,110.38957977294922,25.21,0
-0.8750169277191162,-0.1875525712966919,0.4687194228172302,1.876031994819641,0.5522556900978088,110.38973236083984,25.21,0
-0.8750108480453491,-0.1875337362289428,0.4687303900718689,1.8953664302825928,0.5527021884918213,110.38983154296876,25.21,0
-0.8750069737434387,-0.1875216513872146,0.4687374234199524,1.8683658838272093,0.5529887080192566,110.389892578125,25.21,0
-0.8750044703483582,-0.1875138878822326,0.4687419235706329,1.8152127265930176,0.5531725883483887,110.38993072509766,25.21,0
-0.8750028610229492,-0.1875089108943939,0.4687448143959045,1.806180119514465,0.553290605545044,110.38995361328124,25.21,0
-0.875001847743988,-0.1875057220458984,0.4687466621398926,1.961599349975586,0.5533663630485535,110.38996887207033,25.21,0
-0.8750011920928955,-0.1819058954715728,0.4687478542327881,2.4518392086029053,0.5534149408340454,110.38997650146484,25.21,0
-0.8750007748603821,-0.1839100271463394,0.474346399307251,3.199938535690308,0.5534461140632629,110.38998413085938,25.21,0
-0.8750004768371582,-0.1851961612701416,0.4723414480686188,3.894980192184448,0.5534661412239075,110.3899917602539,25.21,0
-0.8750002980232239,-0.1860215216875076,0.4710547924041748,4.555972576141357,0.553479015827179,110.3899917602539,25.21,0
-0.8750001788139343,-0.1865511983633041,0.4702290892601013,5.578449249267578,0.553487241268158,110.3899917602539,25.21,0
-0.8750001192092896,-0.186891108751297,0.4696992039680481,6.8544020652771,0.553492546081543,110.3899917602539,25.21,0
-0.8750000596046448,-0.1871092468500137,0.4693591296672821,7.662487030029297,0.5534959435462952,110.3899917602539,25.21,0
-0.8750000596046448,-0.1816514581441879,0.4691409170627594,8.109417915344238,0.5534981489181519,110.3899917602539,25.21,0
-0.8805978298187256,-0.1781489700078964,0.4690008759498596,9.506831169128418,0.5534995198249817,110.3899917602539,25.21,0
-0.8785923719406128,-0.1814990490674972,0.4689109921455383,12.35611343383789,0.5535004138946533,110.3899917602539,25.21,0
-0.8773053884506226,-0.17805115878582,0.4688533246517181,15.202070236206056,0.5535010099411011,110.3899917602539,25.21,0
-0.87647944688797,-0.1814362704753875,0.4688163101673126,16.734670639038086,0.554419219493866,110.55120849609376,25.21,0
-0.8759494423866272,-0.1836086511611938,0.4687925577163696,18.029890060424805,0.5550084710121155,110.65467071533205,25.21,0
-0.875609278678894,-0.1850027590990066,0.4687772989273071,20.9282341003418,0.5553866028785706,110.72106170654295,25.21,0
-0.8753910064697266,-0.185897409915924,0.4687675237655639,24.747892379760746,0.555629312992096,110.763671875,25.21,0
-0.8752509355545044,-0.1808737814426422,0.4687612354755401,27.052244186401367,0.555785059928894,110.791015625,25.21,0
-0.8751610517501831,-0.177649900317192,0.4687572121620178,27.56016540527344,0.5558850169181824,110.80856323242188,25.21,0
-0.8751033544540405,-0.1755809932947158,0.4687546193599701,28.98238945007324,0.5559491515159607,110.81982421875,25.21,0
-0.875066339969635,-0.1798510700464248,0.4687529504299164,34.33748245239258,0.5559902787208557,110.8270492553711,25.21,0
-0.8750425577163696,-0.182591363787651,0.4687519073486328,43.43812561035156,0.555098831653595,110.8316879272461,25.21,0
-0.8750272989273071,-0.184349924325943,0.4687512218952179,48.68727111816406,0.5545267462730408,110.83466339111328,25.21,0
-0.875017523765564,-0.185478463768959,0.4687507748603821,38.81467056274414,0.5541596412658691,110.8365707397461,25.21,0
-0.8750112652778625,-0.1862026900053024,0.4687505066394806,13.247737884521484,0.553924024105072,110.83779907226562,25.21,0
-0.8806049823760986,-0.1866674572229385,0.4687503278255462,-14.251301765441896,0.5537728667259216,110.83858489990234,25.21,0
-0.8841947317123413,-0.1869657188653946,0.4743479788303375,-31.8126220703125,0.5536758303642273,110.8390884399414,25.21,0
-0.8809006214141846,-0.1871571242809295,0.4723424613475799,-39.72559356689453,0.553613543510437,110.83941650390624,25.21,0
-0.8787866830825806,-0.1816821843385696,0.4766532182693481,-42.037933349609375,0.5535736083984375,110.8396224975586,25.21,0
-0.8774300813674927,-0.1781686842441558,0.4794196188449859,-40.24380111694336,0.5544658303260803,110.83975982666016,25.21,0
-0.8765594959259033,-0.17591392993927,0.4811949133872986,-36.74226379394531,0.5550383925437927,110.83984375,25.21,0
-0.870402991771698,-0.1744669526815414,0.4823341965675354,-34.49517822265625,0.555405855178833,110.83989715576172,25.21,0
-0.866452157497406,-0.1791361421346664,0.4886631071567535,-32.97072982788086,0.5556416511535645,110.83993530273438,25.21,0
-0.8695144653320312,-0.1821325570344925,0.4927246272563934,-29.785558700561523,0.5557929873466492,110.83995819091795,25.21,0
-0.8714796900749207,-0.1784577071666717,0.4953310787677765,-25.2193660736084,0.5558900833129883,110.83997344970705,25.21,0
-0.8671430945396423,-0.1760994046926498,0.4914059937000274,-21.633434295654297,0.5559523701667786,110.83998107910156,25.21,0
-0.853164553642273,-0.1801837533712387,0.4888871014118194,-19.66536903381348,0.5559923648834229,110.8399887084961,25.21,0
-0.8497917056083679,-0.1828048527240753,0.4928683936595917,-17.700193405151367,0.5555590987205505,110.8399887084961,25.21,0
-0.858822762966156,-0.1844869256019592,0.4954233467578888,-14.801820755004885,0.5552810430526733,110.8399887084961,25.21,0
-0.8646183609962463,-0.1799686104059219,0.4970629811286926,-11.8849515914917,0.5551025867462158,110.8399887084961,25.21,0
-0.8627398610115051,-0.1770690083503723,0.4925174117088318,-9.937838554382324,0.5549880862236023,110.8399887084961,25.21,0
-0.8615343570709229,-0.1808059960603714,0.4951981008052826,-8.663215637207031,0.5549145936965942,110.8399887084961,25.21,0
-0.8551629781723022,-0.183204174041748,0.4969184100627899,-7.311432361602783,0.5548674464225769,110.8399887084961,25.21,0
-0.8566719889640808,-0.179145410656929,0.4980224072933197,-5.899384498596191,0.554837167263031,110.8399887084961,25.21,0
-0.8632381558418274,-0.1821385025978088,0.4987308979034424,-4.975300312042236,0.5548177361488342,110.8399887084961,25.21,0
-0.8730496764183044,-0.1840593069791793,0.499185562133789,-4.600813388824463,0.5548052787780762,110.78983306884766,25.19,0
-0.8681505918502808,-0.1852919608354568,0.4938795566558838,-4.217186450958252,0.5547972917556763,110.75765228271484,25.19,0
-0.865006685256958,-0.1860830038785934,0.4904744625091553,-3.51959228515625,0.5547921657562256,110.73699951171876,25.19,0
-0.8685868382453918,-0.1865906566381454,0.4882892966270447,-2.8068058490753174,0.5547888875007629,110.72373962402344,25.19,0
-0.8708844184875488,-0.1869164407253265,0.486886978149414,-2.335050106048584,0.5547868013381958,110.7152328491211,25.19,0
-0.8723588585853577,-0.1871255040168762,0.4859870374202728,-2.050217390060425,0.554785430431366,110.70977783203124,25.19,0
-0.8677073121070862,-0.1872596740722656,0.4854094982147217,-1.974905490875244,0.5547845363616943,110.7062759399414,25.19,0
-0.8647221922874451,-0.1873457729816436,0.4850388765335083,-2.2167632579803467,0.5547839999198914,110.70402526855467,25.19,0
-0.862806499004364,-0.1874010264873504,0.4848010241985321,-2.705152988433838,0.5547836422920227,110.70258331298828,25.19,0
-0.8615771532058716,-0.1874364912509918,0.4846484065055847,-3.3983263969421387,0.5547834038734436,110.70166015625,25.19,0
-0.8607882261276245,-0.1874592453241348,0.4845504462718963,-4.359055995941162,0.5547832250595093,110.70106506347656,25.19,0
-0.8602819442749023,-0.1874738484621048,0.4844875931739807,-5.376845836639404,0.5547831654548645,110.70068359375,25.19,0
-0.8599570393562317,-0.1874832212924957,0.4844472706317901,-6.076578140258789,0.5547831058502197,110.700439453125,25.19,0
-0.8653463125228882,-0.1874892264604568,0.4844213724136352,-6.615190505981445,0.554783046245575,110.70027923583984,25.19,0
-0.8632070422172546,-0.187493085861206,0.4844047725200653,-7.655860424041748,0.554783046245575,110.70018005371094,25.19,0
-0.8618341684341431,-0.1874955594539642,0.4843941032886505,-9.423553466796877,0.554783046245575,110.70011138916016,25.19,0
-0.860953152179718,-0.1874971538782119,0.4843872487545013,-11.342540740966797,0.5557008981704712,110.7000732421875,25.19,0
-0.8603877425193787,-0.1874981671571731,0.4843828678131103,-12.871390342712402,0.5562899112701416,110.70004272460938,25.19,0
-0.8600249290466309,-0.1874988228082656,0.4843800365924835,-14.225105285644531,0.5566679239273071,110.70002746582033,25.19,0
-0.865389883518219,-0.1874992400407791,0.4843782186508178,-16.0324764251709,0.5569104552268982,110.70001983642578,25.19,0
-0.8688327670097351,-0.1874995082616806,0.4843770563602447,-18.59671401977539,0.5570661425590515,110.70001220703124,25.19,0
-0.8654444217681885,-0.1874996870756149,0.484376311302185,-20.940895080566406,0.5571660399436951,110.70000457763672,25.19,0
-0.8688677549362183,-0.1874998062849044,0.4843758344650268,-20.539325714111328,0.5572301149368286,110.70000457763672,25.19,0
-0.8710646629333496,-0.1874998807907104,0.484375536441803,-15.33766746520996,0.5572712421417236,110.70000457763672,25.19,0
-0.8668767809867859,-0.187499925494194,0.4843753576278686,-6.023806571960449,0.5586748123168945,110.70000457763672,25.19,0
-0.8641892075538635,-0.1874999552965164,0.4843752384185791,4.976064682006836,0.5595755577087402,110.70000457763672,25.19,0
-0.8680622577667236,-0.1874999701976776,0.4843751490116119,15.761027336120604,0.560153603553772,110.70000457763672,25.19,0
-0.8705477714538574,-0.1874999850988388,0.4843750894069671,24.87114906311035,0.5605245232582092,110.70000457763672,25.19,0
-0.8721427917480469,-0.1874999850988388,0.4843750596046448,30.803482055664062,0.5607625842094421,110.70000457763672,25.19,0
-0.8731663823127747,-0.1874999850988388,0.4843750298023224,33.12374496459961,0.5609153509140015,110.70000457763672,25.19,0
-0.8738232851028442,-0.1874999850988388,0.4843750298023224,32.674583435058594,0.561013400554657,110.70000457763672,25.19,0
-0.8742448687553406,-0.1874999850988388,0.4843750298023224,30.31560707092285,0.561076283454895,110.70000457763672,25.19,0
-0.8745154142379761,-0.1874999850988388,0.4843750298023224,26.684450149536133,0.5601987838745117,110.61760711669922,25.19,0
-0.8746890425682068,-0.1874999850988388,0.4843750298023224,22.663206100463867,0.5596356987953186,110.56472778320312,25.19,0
-0.874800443649292,-0.1874999850988388,0.4843750298023224,18.93617820739746,0.5592743158340454,110.53079223632812,25.19,0
-0.8748719096183777,-0.1874999850988388,0.4843750298023224,15.51618766784668,0.5590423941612244,110.5090103149414,25.19,0
-0.8693200349807739,-0.1874999850988388,0.4843750298023224,12.160679817199709,0.5588935613632202,110.49503326416016,25.19,0
-0.8713549375534058,-0.1874999850988388,0.4843750298023224,8.706832885742188,0.55879807472229,110.48606872558594,25.19,0
-0.8726608157157898,-0.1874999850988388,0.4843750298023224,5.078818321228027,0.5587368011474609,110.48031616210938,25.19,0
-0.8734988570213318,-0.1874999850988388,0.4843750298023224,1.5826480388641355,0.5586974620819092,110.47662353515624,25.19,0
-0.8740366697311401,-0.1874999850988388,0.4843750298023224,-1.1625536680221558,0.5595901012420654,110.47425079345705,25.19,0
-0.8687840104103088,-0.1874999850988388,0.4843750298023224,-2.942178964614868,0.5601629018783569,110.47272491455078,25.19,0
-0.871010959148407,-0.1874999850988388,0.4843750298023224,-4.04841423034668,0.5605304837226868,110.47174835205078,25.19,0
-0.8724400401115417,-0.1874999850988388,0.4843750298023224,-4.690263271331787,0.5607663989067078,110.47112274169922,25.19,0
-0.8733571767807007,-0.1874999850988388,0.4843750298023224,-4.9588623046875,0.5609177947044373,110.47071838378906,25.19,0
-0.8739457130432129,-0.1874999850988388,0.4843750298023224,-5.159893989562988,0.5610149502754211,110.470458984375,25.19,0
-0.8743234276771545,-0.1874999850988388,0.4843750298023224,-5.507441997528076,0.5610772967338562,110.47029876708984,25.19,0
-0.874565839767456,-0.1874999850988388,0.4843750298023224,-5.859450817108154,0.5611172914505005,110.4701919555664,25.19,0
-0.8747214078903198,-0.1874999850988388,0.4843750298023224,-6.056689262390137,0.5606840252876282,110.47012329101562,25.19,0
-0.8748211860656738,-0.1874999850988388,0.4843750298023224,-5.975476264953613,0.560405969619751,110.47007751464844,25.19,0
-0.8748852610588074,-0.1874999850988388,0.4843750298023224,-5.44687557220459,0.5602275729179382,110.47004699707033,25.19,0
-0.8749263882637024,-0.1874999850988388,0.4843750298023224,-4.555933475494385,0.5601130723953247,110.47003173828124,25.19,0
-0.8749527335166931,-0.1874999850988388,0.4843750298023224,-3.704737424850464,0.5600395798683167,110.47002410888672,25.19,0
-0.8749696612358093,-0.1874999850988388,0.4843750298023224,-3.1190803050994877,0.5599924325942993,110.4700164794922,25.19,0
-0.8749805092811584,-0.1874999850988388,0.4843750298023224,-2.682335615158081,0.5599621534347534,110.47000885009766,25.19,0
-0.8749874830245972,-0.1874999850988388,0.4843750298023224,-2.323241233825684,0.5599427223205566,110.47000885009766,25.19,0
-0.8749919533729553,-0.1874999850988388,0.4843750298023224,-2.125038385391236,0.5603892207145691,110.47000885009766,25.19,0
-0.8749948143959045,-0.181902214884758,0.4843750298023224,-2.0085909366607666,0.5606757402420044,110.47000885009766,25.19,0
-0.8749966621398926,-0.1839076578617096,0.4843750298023224,-1.7368199825286863,0.5608596205711365,110.47000885009766,25.19,0
-0.8749978542327881,-0.1851946413516998,0.4843750298023224,-1.3044675588607788,0.5609776377677917,110.47000885009766,25.19,0
-0.8749986290931702,-0.18602055311203,0.4843750298023224,-1.0162609815597534,0.5610533356666565,110.47000885009766,25.19,0
-0.8749991059303284,-0.186550572514534,0.4843750298023224,-0.963861882686615,0.5611019134521484,110.47000885009766,25.19,0
-0.8749994039535522,-0.1868907064199447,0.4843750298023224,-0.9123222827911376,0.561133086681366,110.47000885009766,25.19,0
-0.8749996423721313,-0.1871089935302734,0.4843750298023224,-0.7395266890525818,0.5611531138420105,110.47000885009766,25.19,0
-0.8749997615814209,-0.1872490793466568,0.4843750298023224,-0.5354894399642944,0.561165988445282,110.405517578125,25.19,0
-0.8749998211860657,-0.1873389780521392,0.4843750298023224,-0.2970728278160095,0.561174213886261,110.3641357421875,25.19,0
-0.8749998807907104,-0.1817988902330398,0.4843750298023224,-0.0258457697927951,0.561179518699646,110.33757781982422,25.19,0
-0.8749999403953552,-0.1838413625955581,0.4843750298023224,0.072978064417839,0.5611829161643982,110.3205337524414,25.19,0
-0.8749999403953552,-0.1795543283224105,0.4843750298023224,-0.1072176396846771,0.5611851215362549,110.3095932006836,25.19,0
-0.8749999403953552,-0.1824009269475937,0.4843750298023224,-0.3876553177833557,0.5611864924430847,110.30257415771484,25.19,0
-0.8749999403953552,-0.184227705001831,0.4843750298023224,-0.5962846875190735,0.5611873865127563,110.2980728149414,25.19,0
-0.8749999403953552,-0.1854000240564346,0.4843750298023224,-0.6585195064544678,0.5611879825592041,110.29518127441406,25.19,0
-0.8749999403953552,-0.1861523538827896,0.4843750298023224,-0.5300771594047546,0.5621065497398376,110.29332733154295,25.19,0
-0.8749999403953552,-0.1866351515054702,0.4843750298023224,-0.3330078721046448,0.5626960396766663,110.2921371459961,25.19,0
-0.8749999403953552,-0.1869449913501739,0.4843750298023224,-0.2925219535827636,0.5630743503570557,110.29137420654295,25.19,0
-0.8749999403953552,-0.1871438324451446,0.4843750298023224,-0.474329799413681,0.5633171200752258,110.29088592529295,25.19,0
-0.8749999403953552,-0.1872714310884475,0.4843750298023224,-0.7701323628425598,0.5634729266166687,110.29056549072266,25.19,0
-0.8749999403953552,-0.1873533129692077,0.4843750298023224,-1.0351955890655518,0.563572883605957,110.29035949707033,25.19,0
-0.8749999403953552,-0.1874058693647384,0.4843750298023224,-1.0978206396102903,0.5636370778083801,110.29022979736328,25.19,0
-0.8749999403953552,-0.1874395906925201,0.4843750298023224,-0.8908120393753052,0.5636782646179199,110.29014587402344,25.19,0
-0.8749999403953552,-0.1874612271785736,0.4843750298023224,-0.6218279600143433,0.5646225214004517,110.29009246826172,25.19,0
-0.8749999403953552,-0.1874751150608062,0.4843750298023224,-0.5351912379264832,0.5652285218238831,110.2900619506836,25.19,0
-0.8749999403953552,-0.1874840259552002,0.4843750298023224,-0.5548268556594849,0.5656173825263977,110.2900390625,25.19,0
-0.8749999403953552,-0.1874897480010986,0.4843750298023224,-0.4097945690155029,0.5658669471740723,110.29002380371094,25.19,0
-0.8749999403953552,-0.1874934136867523,0.4843750298023224,0.0057106055319309,0.5660271048545837,110.2900161743164,25.19,0
-0.8749999403953552,-0.1874957680702209,0.4843750298023224,0.5052253007888794,0.5661298632621765,110.29000854492188,25.19,0
-0.8749999403953552,-0.1874972879886627,0.4843750298023224,0.8078722357749939,0.5661958456039429,110.29000854492188,25.19,0
-0.8749999403953552,-0.1874982565641403,0.4843750298023224,0.7871390581130981,0.5662381649017334,110.29000854492188,25.19,0
-0.8749999403953552,-0.1874988824129104,0.4843750298023224,0.5517140030860901,0.566265344619751,110.29000854492188,25.19,0
-0.8694021701812744,-0.1874992847442627,0.4843750298023224,0.3039022386074066,0.5662827491760254,110.29000854492188,25.19,0
-0.8658098578453064,-0.187499538064003,0.4843750298023224,0.1627837866544723,0.5662939548492432,110.29000854492188,25.19,0
-0.8691022992134094,-0.1874997019767761,0.4843750298023224,0.136708453297615,0.5663011074066162,110.29000854492188,25.19,0
-0.8712152242660522,-0.1874998062849044,0.4843750298023224,0.1163922175765037,0.5663056969642639,110.29000854492188,25.19,0
-0.8725711703300476,-0.1874998807907104,0.4843750298023224,-0.0184531398117542,0.5663086771965027,110.29000854492188,25.19,0
-0.8678435683250427,-0.187499925494194,0.4843750298023224,-0.2626224458217621,0.5663105845451355,110.29000854492188,25.19,0
-0.8648096323013306,-0.1874999552965164,0.4843750298023224,-0.5124632120132446,0.566311776638031,110.29000854492188,25.19,0
-0.8684604167938232,-0.1874999701976776,0.4843750298023224,-0.6298057436943054,0.568148672580719,110.22551727294922,25.19,0
-0.8708032965660095,-0.1874999850988388,0.4843750298023224,-0.5474761128425598,0.5693274736404419,110.18413543701172,25.19,0
-0.8667089939117432,-0.1874999850988388,0.4843750298023224,-0.3262606263160705,0.5700839757919312,110.15757751464844,25.19,0
-0.86967933177948,-0.1874999850988388,0.4843750298023224,-0.134141206741333,0.5705694556236267,110.14053344726562,25.19,0
-0.871585488319397,-0.1874999850988388,0.4843750298023224,-0.0932492539286613,0.5708810091018677,110.1295928955078,25.19,0
-0.8672109842300415,-0.1874999850988388,0.4843750298023224,-0.2067275941371917,0.5710809230804443,110.12257385253906,25.19,0
-0.8644036650657654,-0.1874999850988388,0.4843750298023224,-0.3225423693656921,0.571209192276001,110.11807250976562,25.19,0
-0.86819988489151,-0.1874999850988388,0.4843750298023224,-0.2177368551492691,0.5712915062904358,110.11518096923828,25.19,0
-0.8706361055374146,-0.1874999850988388,0.4843750298023224,0.1146318763494491,0.570885419845581,110.1133270263672,25.19,0
-0.8666017055511475,-0.1874999850988388,0.4843750298023224,0.3494224548339844,0.570624828338623,110.11213684082033,25.19,0
-0.8696104288101196,-0.1874999850988388,0.4843750298023224,0.2743952870368957,0.5704575777053833,110.1113739013672,25.19,0
-0.8715412616729736,-0.1874999850988388,0.4843750298023224,0.1331001967191696,0.5703502297401428,110.1108856201172,25.19,0
-0.8727803826332092,-0.1874999850988388,0.4843750298023224,0.2179713398218155,0.5702813863754272,110.11056518554688,25.19,0
-0.8679777979850769,-0.1874999850988388,0.4843750298023224,0.4408178031444549,0.5702371597290039,110.11035919189452,25.19,0
-0.864895761013031,-0.1874999850988388,0.4843750298023224,0.5874104499816895,0.5702087879180908,110.1102294921875,25.19,0
-0.86851567029953,-0.1874999850988388,0.4843750298023224,0.6599897146224976,0.5701906085014343,110.11014556884766,25.19,0
-0.8708387017250061,-0.1874999850988388,0.4843750298023224,0.692236602306366,0.5720149874687195,110.11009216308594,25.19,0
-0.8723295331001282,-0.1874999850988388,0.4843750298023224,0.598288357257843,0.5731858015060425,110.1100616455078,25.19,0
-0.8676884770393372,-0.1874999850988388,0.4843750298023224,0.3409561216831207,0.5739371180534363,110.11003875732422,25.19,0
-0.8647100925445557,-0.1874999850988388,0.4843750298023224,0.0468423850834369,0.5744192600250244,110.11002349853516,25.19,0
-0.868396520614624,-0.1874999850988388,0.4843750298023224,-0.1275725811719894,0.5747287273406982,110.11001586914062,25.19,0
-0.870762288570404,-0.1874999850988388,0.4843750298023224,-0.0603732839226722,0.5749272704124451,110.1100082397461,25.19,0
-0.872280478477478,-0.1874999850988388,0.4843750298023224,0.2263665050268173,0.5750547051429749,110.1100082397461,25.19,0
-0.8676570057868958,-0.1874999850988388,0.4843750298023224,0.4211272895336151,0.5751364827156067,110.1100082397461,25.19,0
-0.8534943461418152,-0.1874999850988388,0.495570570230484,0.2917506992816925,0.5747300386428833,110.1100082397461,25.19,0
-0.861198902130127,-0.1874999850988388,0.4915596842765808,0.0260128956288099,0.5744692087173462,110.1100082397461,25.19,0
-0.8605454564094543,-0.1874999850988388,0.4889857172966003,-0.1194442957639694,0.5743018388748169,110.1100082397461,25.19,0
-0.8601261377334595,-0.1874999850988388,0.4873338937759399,-0.2163729071617126,0.5741944313049316,110.1100082397461,25.19,0
-0.8654547929763794,-0.1874999850988388,0.486273854970932,-0.3609753549098968,0.5741255283355713,110.1100082397461,25.19,0
-0.8688744306564331,-0.1874999850988388,0.4855935871601105,-0.4036168158054352,0.574081301689148,110.1100082397461,25.19,0
-0.8710689544677734,-0.1874999850988388,0.4851570129394531,-0.3020089566707611,0.5740529298782349,110.1100082397461,25.19,0
-0.8668795228004456,-0.1874999850988388,0.4848768413066864,-0.2905414998531341,0.5740346908569336,110.1100082397461,25.19,0
-0.8697887659072876,-0.1874999850988388,0.4846970438957214,-0.5411278009414673,0.5740230083465576,110.05268096923828,25.19,0
-0.8716557025909424,-0.1874999850988388,0.4845816791057586,-0.8488252758979797,0.5740154981613159,110.0158920288086,25.19,0
-0.8672560453414917,-0.1874999850988388,0.4845076203346252,-0.8922370672225952,0.5740106701850891,109.9922866821289,25.19,0
-0.870030403137207,-0.1874999850988388,0.4844601154327392,-0.6657333374023438,0.5740075707435608,109.97713470458984,25.19,0
-0.871810793876648,-0.1874999850988388,0.4844296276569366,-0.4057338833808899,0.5740056037902832,109.96741485595705,25.19,0
-0.8729533553123474,-0.1874999850988388,0.4844100475311279,-0.1349865198135376,0.5740043520927429,109.96117401123048,25.19,0
-0.8680887818336487,-0.1874999850988388,0.4843975007534027,0.2573006451129913,0.5740035176277161,109.95716857910156,25.19,0
-0.8649669885635376,-0.1874999850988388,0.484389454126358,0.6021949648857117,0.5740029811859131,109.95459747314452,25.19,0
-0.8685613870620728,-0.1874999850988388,0.4843842685222626,0.6372343301773071,0.5740026235580444,109.95294952392578,25.19,0
-0.8652703166007996,-0.1874999850988388,0.4843809604644775,0.4662615358829498,0.5740023851394653,109.95188903808594,25.19,0
-0.87435382604599,-0.1874999850988388,0.4787810444831848,0.3242978453636169,0.5740022659301758,109.95121002197266,25.19,0
-0.8689875602722168,-0.1874999850988388,0.4807851314544678,0.2403588742017746,0.574002206325531,109.95077514648438,25.19,0
-0.8711415529251099,-0.1874999850988388,0.4820712208747864,0.2294825762510299,0.5740021467208862,109.95049285888672,25.19,0
-0.872523844242096,-0.1874999850988388,0.4828965663909912,0.3729709684848785,0.5740020871162415,109.9503173828125,25.19,0
-0.8734109401702881,-0.1874999850988388,0.4834262132644653,0.5510354042053223,0.5740020871162415,109.95020294189452,25.19,0
-0.8739802241325378,-0.1874999850988388,0.483766108751297,0.5363341569900513,0.5740020871162415,109.95012664794922,25.19,0
-0.8743455410003662,-0.1874999850988388,0.4839842617511749,0.3513535261154175,0.5744609832763672,109.95008087158205,25.19,0
-0.8745800256729126,-0.1874999850988388,0.4841242432594299,0.1717398464679718,0.5747554898262024,109.9500503540039,25.19,0
-0.8747304677963257,-0.1874999850988388,0.4842140674591064,0.0134832020848989,0.5749444961547852,109.95002746582033,25.19,0
-0.8748270273208618,-0.1874999850988388,0.4842717349529266,-0.2600404322147369,0.5750657916069031,109.95001983642578,25.19,0
-0.8748890161514282,-0.1874999850988388,0.4843087196350097,-0.6326137781143188,0.575143575668335,109.95001220703124,25.19,0
-0.8749287724494934,-0.1874999850988388,0.4843324720859527,-0.8788751363754272,0.5751935243606567,109.95000457763672,25.19,0
-0.8749542832374573,-0.1874999850988388,0.4843477010726928,-0.8685303926467896,0.5752255916595459,109.95000457763672,25.19,0
-0.8749706745147705,-0.1874999850988388,0.484357476234436,-0.7544144988059998,0.5752461552619934,109.95000457763672,25.19,0
-0.874981164932251,-0.1874999850988388,0.4843637645244598,-0.6561034321784973,0.5752593278884888,109.95000457763672,25.19,0
-0.8749879002571106,-0.1874999850988388,0.4843677878379822,-0.4317971467971802,0.5752677917480469,109.95000457763672,25.19,0
-0.8749922513961792,-0.1874999850988388,0.4843703806400299,0.0023383342195302,0.5752732157707214,109.95000457763672,25.19,0
-0.8749950528144836,-0.1874999850988388,0.4843720495700836,0.4349922835826874,0.5752767324447632,109.95000457763672,25.19,0
-0.8749968409538269,-0.1874999850988388,0.4843730926513672,0.637410581111908,0.5752789974212646,109.95000457763672,25.19,0
-0.8749979734420776,-0.1874999850988388,0.4843737781047821,0.6168428063392639,0.5752804279327393,109.95000457763672,25.19,0
-0.8749986886978149,-0.1874999850988388,0.4843742251396179,0.5033314824104309,0.5752813220024109,109.95000457763672,25.19,0
-0.8694013953208923,-0.1874999850988388,0.4843744933605194,0.3874955475330353,0.5752819180488586,109.95000457763672,25.19,0
-0.871407151222229,-0.1874999850988388,0.4843746721744537,0.3561496138572693,0.574364423751831,109.89268493652344,25.21,0
-0.8726943135261536,-0.1874999850988388,0.4843747913837433,0.4685888886451721,0.5737756490707397,109.85589599609376,25.21,0
-0.8735203146934509,-0.1874999850988388,0.4843748807907104,0.6195626258850098,0.5733978152275085,109.83229064941406,25.21,0
-0.8684526681900024,-0.1874999850988388,0.4843749105930328,0.5767284035682678,0.5731553435325623,109.817138671875,25.21,0
-0.8652005195617676,-0.1874999850988388,0.4843749403953552,0.2912944257259369,0.5729997158050537,109.8074188232422,25.21,0
-0.8687112331390381,-0.1874999850988388,0.4843749701976776,-0.0960874781012535,0.5728998780250549,109.80117797851562,25.21,0
-0.8709642291069031,-0.1874999850988388,0.4843749701976776,-0.4629119038581848,0.5728358030319214,109.79717254638672,25.21,0
-0.8724100589752197,-0.1874999850988388,0.4843749701976776,-0.6624929308891296,0.5727946758270264,109.79460144042967,25.21,0
-0.8677401542663574,-0.1874999850988388,0.4843749701976776,-0.5827831625938416,0.5736861228942871,109.79295349121094,25.21,0
-0.8703410625457764,-0.1874999850988388,0.4843749701976776,-0.35250124335289,0.5742582082748413,109.7918930053711,25.21,0
-0.8720101714134216,-0.1874999850988388,0.4843749701976776,-0.1653112322092056,0.5746253728866577,109.7912139892578,25.21,0
-0.8730813264846802,-0.1874999850988388,0.4843749701976776,0.0193029157817363,0.5748609900474548,109.79077911376952,25.21,0
-0.8681709170341492,-0.1874999850988388,0.4843749701976776,0.2416723370552063,0.5750121474266052,109.79049682617188,25.21,0
-0.8706175088882446,-0.1874999850988388,0.4843749701976776,0.3198898732662201,0.5751091837882996,109.79032135009766,25.21,0
-0.8721875548362732,-0.1874999850988388,0.4843749701976776,0.1479656994342804,0.5751714706420898,109.79020690917967,25.21,0
-0.8675973415374756,-0.1874999850988388,0.4843749701976776,-0.0877554714679718,0.5752114057540894,109.79013061523438,25.21,0
-0.864651620388031,-0.1874999850988388,0.4843749701976776,-0.2139497399330139,0.5756959915161133,109.7900848388672,25.21,0
-0.8627612590789795,-0.1874999850988388,0.4843749701976776,-0.2698559165000915,0.5760069489479065,109.79005432128906,25.21,0
-0.8671458959579468,-0.1874999850988388,0.4843749701976776,-0.3164810240268707,0.5762065052986145,109.79003143310548,25.21,0
-0.8699597120285034,-0.1874999850988388,0.4843749701976776,-0.3141591548919678,0.5763345956802368,109.79002380371094,25.21,0
-0.8717654347419739,-0.1874999850988388,0.4843749701976776,-0.2446001768112182,0.5764167904853821,109.7900161743164,25.21,0
-0.872924268245697,-0.1874999850988388,0.4843749701976776,-0.1569703072309494,0.5764695405960083,109.79000854492188,25.21,0
-0.8736678957939148,-0.1874999850988388,0.4843749701976776,-0.1078996583819389,0.5765033960342407,109.79000854492188,25.21,0
-0.8685473799705505,-0.1874999850988388,0.4843749701976776,-0.0907392427325248,0.576525092124939,109.79000854492188,25.21,0
-0.8708590865135193,-0.1874999850988388,0.4843749701976776,-0.0295706205070018,0.5783751010894775,109.79000854492188,25.21,0
-0.872342586517334,-0.1874999850988388,0.4843749701976776,0.1494043320417404,0.5795623064041138,109.79000854492188,25.21,0
-0.8676968216896057,-0.1874999850988388,0.4843749701976776,0.3609896898269653,0.5803242325782776,109.79000854492188,25.21,0
-0.8647154569625854,-0.1930977702140808,0.4843749701976776,0.4716949760913849,0.5808131694793701,109.79000854492188,25.21,0
-0.8628022074699402,-0.1910923272371292,0.4843749701976776,0.4675051569938659,0.5811269283294678,109.79000854492188,25.21,0
-0.8615744113922119,-0.1898053437471389,0.4843749701976776,0.4074951708316803,0.581328272819519,109.79000854492188,25.21,0
-0.8719819784164429,-0.1889794319868087,0.4787771999835968,0.3976448178291321,0.5814574956893921,109.79000854492188,25.21,0
-0.8674654364585876,-0.1884494125843048,0.4807826578617096,0.5704522132873535,0.5815404057502747,109.79000854492188,25.21,0
-0.8701647520065308,-0.188109278678894,0.4820696413516998,0.8497310876846313,0.5806757807731628,109.73626708984376,25.21,0
-0.8718970417976379,-0.1878910064697265,0.48289555311203,0.917896330356598,0.5801209211349487,109.7017822265625,25.21,0
-0.8730087280273438,-0.1877509206533432,0.4834255874156952,0.6320439577102661,0.5797648429870605,109.67964935302734,25.21,0
-0.8681243658065796,-0.1876610219478607,0.4837657213211059,0.2802192866802215,0.5795363187789917,109.66544342041016,25.21,0
-0.8649898171424866,-0.1876033395528793,0.4839839935302734,0.1619157195091247,0.5793896913528442,109.65632629394533,25.21,0
-0.8629782795906067,-0.1875663101673126,0.4841240644454956,0.2149680405855178,0.5792955756187439,109.65047454833984,25.21,0
-0.8672851324081421,-0.1875425577163696,0.4842139780521393,0.1594495624303817,0.5792351961135864,109.64672088623048,25.21,0
-0.8700490593910217,-0.1875273138284683,0.4842716753482818,-0.0875509530305862,0.5791964530944824,109.6443099975586,25.21,0
-0.8718227744102478,-0.1875175237655639,0.4843086898326874,-0.3642866611480713,0.5796304941177368,109.64276885986328,25.21,0
-0.8729610443115234,-0.1875112503767013,0.4843324422836303,-0.5311319828033447,0.5799090266227722,109.64177703857422,25.21,0
-0.8736914992332458,-0.187507227063179,0.4843477010726928,-0.5880476236343384,0.5800877809524536,109.64114379882812,25.21,0
-0.8741602897644043,-0.1875046342611313,0.484357476234436,-0.5565038919448853,0.5802025198936462,109.64073181152344,25.21,0
-0.8744611144065857,-0.1875029802322387,0.4843637645244598,-0.4861049056053161,0.5802761316299438,109.64047241210938,25.21,0
-0.8746541738510132,-0.1875019073486328,0.4843677878379822,-0.4660049080848694,0.580323338508606,109.64030456542967,25.21,0
-0.8747780919075012,-0.1875012218952179,0.4843703806400299,-0.5283399820327759,0.5803536772727966,109.64019775390624,25.21,0
-0.8748576045036316,-0.1875007897615432,0.4843720495700836,-0.5683430433273315,0.5803731083869934,109.64012908935548,25.21,0
-0.8749086260795593,-0.1875005066394806,0.4843730926513672,-0.4686245322227478,0.5813038349151611,109.64008331298828,25.21,0
-0.874941349029541,-0.1875003278255462,0.4843737781047821,-0.2899885177612304,0.5819010734558105,109.64005279541016,25.21,0
-0.8749623894691467,-0.1875002086162567,0.4843742251396179,-0.2434191405773162,0.5822843909263611,109.64002990722656,25.21,0
-0.874975860118866,-0.1875001341104507,0.4843744933605194,-0.4428184628486633,0.5825303792953491,109.64002227783205,25.21,0
-0.8749845027923584,-0.1875000894069671,0.4843746721744537,-0.7212496399879456,0.5826882123947144,109.6400146484375,25.21,0
-0.8749900460243225,-0.1875000596046447,0.4843747913837433,-0.8461921215057373,0.5827895402908325,109.64000701904295,25.21,0
-0.874993622303009,-0.1875000447034835,0.4843748807907104,-0.7508267760276794,0.5828545689582825,109.64000701904295,25.21,0
-0.8749958872795105,-0.1875000298023224,0.4843749105930328,-0.5964798331260681,0.5828962922096252,109.64000701904295,25.21,0
-0.8749973773956299,-0.1875000149011612,0.4843749403953552,-0.619236409664154,0.5829230546951294,109.64000701904295,25.21,0
-0.8694005608558655,-0.1875000149011612,0.4843749701976776,-0.7878910303115845,0.5829402208328247,109.64000701904295,25.21,0
-0.871406614780426,-0.1875000149011612,0.4843749701976776,-0.7599859833717346,0.5829512476921082,109.64000701904295,25.21,0
-0.8726939558982849,-0.1875000149011612,0.4843749701976776,-0.3838205635547638,0.5829583406448364,109.64000701904295,25.21,0
-0.8735201358795166,-0.1875000149011612,0.4843749701976776,0.0689526945352554,0.5829628705978394,109.64000701904295,25.21,0
-0.8740503191947937,-0.1875000149011612,0.4843749701976776,0.3451862037181854,0.5829657912254333,109.64000701904295,25.21,0
-0.8743905425071716,-0.1875000149011612,0.4843749701976776,0.4328925907611847,0.5829676389694214,109.64000701904295,25.21,0
-0.8746088743209839,-0.1875000149011612,0.4843749701976776,0.3351267576217651,0.5829688310623169,109.64000701904295,25.21,0
-0.8747490048408508,-0.1875000149011612,0.4843749701976776,0.0932574793696403,0.582969605922699,109.5791015625,25.17,0
-0.8748389482498169,-0.1875000149011612,0.4843749701976776,-0.1121163368225097,0.5829700827598572,109.5400161743164,25.17,0
-0.8748966455459595,-0.1875000149011612,0.4843749701976776,-0.1937573850154876,0.582970380783081,109.51493072509766,25.17,0
-0.874933660030365,-0.1875000149011612,0.4843749701976776,-0.1924112737178802,0.5829706192016602,109.49883270263672,25.17,0
-0.8749574422836304,-0.1875000149011612,0.4843749701976776,-0.0482443906366825,0.5829707384109497,109.4885025024414,25.17,0
-0.8749727010726929,-0.1875000149011612,0.4843749701976776,0.3165493607521057,0.5829707980155945,109.48187255859376,25.17,0
-0.874982476234436,-0.1875000149011612,0.4843749701976776,0.7942681312561035,0.5829708576202393,109.47762298583984,25.17,0
-0.8805865049362183,-0.1875000149011612,0.4843749701976776,1.179657220840454,0.582970917224884,109.47489166259766,25.17,0
-0.8729873299598694,-0.1875000149011612,0.4843749701976776,1.4341429471969604,0.5820527076721191,109.47313690185548,25.17,0
-0.8625128269195557,-0.1819022297859192,0.4787771999835968,1.6547783613204956,0.5814634561538696,109.47201538085938,25.17,0
-0.8725842237472534,-0.1839076727628708,0.4807826578617096,1.8106998205184937,0.5810853242874146,109.4712905883789,25.17,0
-0.8734496831893921,-0.185194656252861,0.4820696413516998,1.7459627389907837,0.5808426737785339,109.4708251953125,25.17,0
-0.8628095388412476,-0.1804227828979492,0.4772977828979492,1.478715896606445,0.5806869268417358,109.47052764892578,25.17,0
-0.86717689037323,-0.1773604750633239,0.474235475063324,1.1925698518753052,0.5805869698524475,109.4703369140625,25.17,0
-0.8699795603752136,-0.1809930354356765,0.4778680503368377,0.915790855884552,0.5805228352546692,109.47021484375,25.17,0
-0.8605826497077942,-0.1721286624670028,0.4746014475822449,0.555458664894104,0.5804817080497742,109.47013854980467,25.17,0
-0.8825411200523376,-0.1608422398567199,0.472505122423172,0.1522545665502548,0.5813735127449036,109.4700927734375,25.17,0
-0.8854372501373291,-0.1591970324516296,0.4823553562164306,-0.1745675355195999,0.5819458365440369,109.47006225585938,25.17,0
-0.8761002421379089,-0.1581412404775619,0.4886766970157623,-0.4057986140251159,0.5823131203651428,109.47003936767578,25.17,0
-0.8757060766220093,-0.1742570102214813,0.492733359336853,-0.6115106344223022,0.5825487971305847,109.47002410888672,25.17,0
-0.8698553442955017,-0.1845991909503936,0.4953366816043854,-0.7650201916694641,0.5827000737190247,109.4700164794922,25.17,0
-0.8605028986930847,-0.185638427734375,0.502605140209198,-0.7309784889221191,0.582797110080719,109.47000885009766,25.17,0
-0.8600988388061523,-0.1863053441047668,0.4960740506649017,-0.5586643218994141,0.5828593969345093,109.47000885009766,25.17,0
-0.8542417287826538,-0.1923311203718185,0.4918827712535858,-0.5376473665237427,0.5828993916511536,109.47000885009766,25.17,0
-0.8504830002784729,-0.1961981058120727,0.4835952818393707,-0.7641924619674683,0.5820068120956421,109.47000885009766,25.17,0
-0.8424730896949768,-0.1986797153949737,0.472679078578949,-0.9955579042434692,0.5814340114593506,109.47000885009766,25.17,0
-0.8373327851295471,-0.205870047211647,0.4544781446456909,-1.036557674407959,0.5810664296150208,109.47000885009766,25.17,0
-0.8284362554550171,-0.2160821557044983,0.4372000396251678,-0.8300015330314636,0.5808305144309998,109.47000885009766,25.17,0
-0.8283247351646423,-0.2338312566280365,0.420514166355133,-0.353518396615982,0.5806791186332703,109.47000885009766,25.17,0
-0.8450465202331543,-0.2620149254798889,0.3874150514602661,0.1242246478796005,0.5805819630622864,109.47000885009766,25.17,0
-0.8613753318786621,-0.2912971377372741,0.3549783825874328,0.1549543142318725,0.5805196166038513,109.47000885009766,25.17,0
-0.87745201587677,-0.332479864358902,0.3229668438434601,-0.2194084674119949,0.580479621887207,109.47000885009766,25.17,0
-0.8765735626220703,-0.364506334066391,0.2968259155750274,-0.4775658249855041,0.5809128880500793,109.405517578125,25.17,0
-0.8592165112495422,-0.3850590884685516,0.2744523882865906,-0.3996212184429168,0.5811909437179565,109.3641357421875,25.17,0
-0.8536755442619324,-0.3982486724853515,0.237703263759613,-0.2492887377738952,0.5813694000244141,109.33757781982422,25.17,0
-0.906097412109375,-0.4347018599510193,0.2141197919845581,-0.1993874907493591,0.5814839005470276,109.3205337524414,25.17,0
-0.9789231419563292,-0.5252687335014343,0.22697414457798,-0.1960243433713913,0.5815573930740356,109.3095932006836,25.17,0
-0.9248985648155212,-0.5889871120452881,0.1624522656202316,-0.2153615355491638,0.581604540348053,109.30257415771484,25.17,0
-0.873435378074646,-0.5962912440299988,0.0650680884718895,-0.2743445038795471,0.5816348195075989,109.2980728149414,25.17,0
-0.974755883216858,-0.5841853022575378,-0.0366118922829628,-0.3408569991588592,0.5816542506217957,109.29518127441406,25.17,0
-1.0173864364624023,-0.5988074541091919,-0.0962664783000946,-0.4480272233486175,0.5793716907501221,109.29332733154295,25.17,0
-0.9551798701286316,-0.6753644347190857,-0.1289515793323516,-0.667271077632904,0.5779069066047668,109.2921371459961,25.17,0
-0.8480859994888306,-0.7412875890731812,-0.1667203158140182,-0.9441070556640624,0.5769668817520142,109.29137420654295,25.17,0
-0.7849570512771606,-0.7667999863624573,-0.2077514380216598,-1.1934159994125366,0.5763636231422424,109.29088592529295,25.17,0
-0.6996623277664185,-0.7383901476860046,-0.2284850776195526,-1.532536864280701,0.5759764909744263,109.29056549072266,25.17,0
-0.6225340366363525,-0.6977672576904297,-0.2138018608093261,-2.154996156692505,0.5757280588150024,109.29035949707033,25.17,0
-0.4778753519058227,-0.6549044847488403,-0.1651946008205413,-3.0201895236968994,0.5755686163902283,109.29022979736328,25.17,0
-0.3402595520019531,-0.6833754181861877,-0.1675879061222076,-3.876357078552246,0.5754662752151489,109.29014587402344,25.17,0
-0.235152319073677,-0.7072441577911377,-0.1859171092510223,-4.558351516723633,0.5763188004493713,109.29009246826172,25.17,0
-0.122918352484703,-0.8177239298820496,-0.2648530304431915,-5.0676679611206055,0.5768659114837646,109.2900619506836,25.17,0
-0.0173063986003398,-0.9054167866706848,-0.3211073279380798,-5.347944259643555,0.5772170424461365,109.2900390625,25.17,0
-0.0055084759369492,-0.984084129333496,-0.3292192220687866,-5.273446559906006,0.5774423480033875,109.29002380371094,25.17,0
-0.0986971855163574,-1.0681549310684204,-0.323229432106018,-4.996353626251221,0.5775869488716125,109.2900161743164,25.17,0
-0.1752936542034149,-1.0661289691925049,-0.2913966476917267,-4.943921089172363,0.5776797533035278,109.29000854492188,25.17,0
-0.1348844766616821,-1.0312422513961792,-0.2765659987926483,-5.257782936096191,0.5777392983436584,109.29000854492188,25.17,0
-0.0417788960039615,-1.0088539123535156,-0.2614507675170898,-5.541600704193115,0.5777775049209595,109.29000854492188,25.17,0
0.0347642265260219,-1.01687753200531,-0.2965328693389892,-5.555357456207275,0.5782609581947327,109.29000854492188,25.17,0
0.0558963268995285,-1.0388199090957642,-0.3190465271472931,-5.883035182952881,0.5785712003707886,109.29000854492188,25.17,0
0.0582621432840824,-1.0473034381866455,-0.305505633354187,-7.271987438201904,0.5787703394889832,109.29000854492188,25.17,0
0.0485848374664783,-1.0191611051559448,-0.2408381253480911,-9.256022453308104,0.5788981318473816,109.29000854492188,25.17,0
0.0535700507462024,-0.9899054169654846,-0.1825449168682098,-10.339385032653809,0.5789801478385925,109.29000854492188,25.17,0
0.0847581475973129,-0.9431419372558594,-0.150733470916748,-10.20346736907959,0.5790327787399292,109.29000854492188,25.17,0
0.1215661913156509,-0.862751841545105,-0.1471120417118072,-10.56764793395996,0.5790665149688721,109.29000854492188,25.17,0
0.1451874822378158,-0.7775754332542419,-0.1447880119085312,-12.420681953430176,0.5790882110595703,109.29000854492188,25.17,0
0.1715418100357055,-0.6893274784088135,-0.1209054812788963,-13.663591384887695,0.5836920738220215,109.25418090820312,25.17,0
0.1940522789955139,-0.6214994788169861,-0.0831879526376724,-12.064476013183594,0.5866466164588928,109.23118591308594,25.17,0
0.2252915203571319,-0.5947647094726562,-0.0869718864560127,-9.66971206665039,0.588542640209198,109.2164306640625,25.17,0
0.3237079083919525,-0.6559767127037048,-0.1173890680074691,-10.46156406402588,0.5897594094276428,109.20696258544922,25.17,0
0.3924636542797088,-0.8408011794090271,-0.1928868144750595,-13.936101913452148,0.5905402302742004,109.20088958740234,25.17,0
0.3862071633338928,-1.0601707696914673,-0.2637280225753784,-15.589065551757812,0.5910413265228271,109.19699096679688,25.17,0
0.3765943348407745,-1.1281784772872925,-0.3035920560359955,-14.124126434326172,0.5913628935813904,109.19448852539062,25.17,0
0.3928164839744568,-1.059866428375244,-0.2843922972679138,-13.309403419494627,0.5915693044662476,109.19287872314452,25.17,0
0.4704002141952514,-0.9936366081237792,-0.1713110506534576,-16.773967742919922,0.5958331823348999,109.1918487548828,25.17,0
0.5369822978973389,-0.984720766544342,-0.1043397933244705,-23.64750862121582,0.5985694527626038,109.1911849975586,25.17,0
0.6524819135665894,-1.0013902187347412,-0.1061436906456947,-25.611652374267575,0.6003254652023315,109.19075775146484,25.17,0
0.771385133266449,-1.0176855325698853,-0.1296924352645874,-8.593826293945312,0.6014523506164551,109.19049072265624,25.17,0
0.7917126417160034,-1.0169473886489868,-0.1727935373783111,33.341590881347656,0.6021755337715149,109.19031524658205,25.17,0
0.6480199694633484,-1.022071361541748,-0.2060511112213134,87.72810363769531,0.6026396155357361,109.19020080566406,25.17,0
0.4942307472229004,-0.9749796986579896,-0.2050028145313263,137.22923278808594,0.6029374599456787,109.19013214111328,25.17,0
0.3619510531425476,-0.8384012579917908,-0.1427545547485351,174.81431579589844,0.6031286120414734,109.1900863647461,25.17,0
0.2826593220233917,-0.7115686535835266,-0.069220557808876,194.5850067138672,0.6037102341651917,109.19005584716795,25.17,0
0.2821544110774994,-0.5294148921966553,-0.0500195436179637,183.43423461914065,0.6040834784507751,109.19003295898438,25.17,0
0.3713947832584381,-0.3845301866531372,0.0070847584865987,137.95191955566406,0.6043229699134827,109.19002532958984,25.17,0
0.3782841563224792,-0.4147025644779205,0.0381332375109195,76.72501373291016,0.6044766902923584,109.19001770019533,25.17,0
0.3435209393501282,-0.7419430613517761,-0.031506024301052,22.83053207397461,0.6045753359794617,109.19001007080078,25.17,0
0.3771896362304687,-0.9743382930755616,-0.0817942693829536,-15.646519660949709,0.6046386361122131,109.19001007080078,25.17,0
0.4379807114601135,-0.938749611377716,-0.0524908527731895,-40.944332122802734,0.6046792268753052,109.19001007080078,25.17,0
0.5385684370994568,-0.9718886017799376,-0.0168922841548919,-54.51357650756836,0.604705274105072,109.19001007080078,25.17,0
0.6255109310150146,-0.942775309085846,0.0003550531982909,-58.7397346496582,0.6116073727607727,109.19001007080078,25.17,0
0.6533167362213135,-0.9017009735107422,-0.0053699216805398,-59.81460189819336,0.6160367131233215,109.19001007080078,25.17,0
0.6263787150382996,-0.8921351432800293,-0.0146416556090116,-61.324798583984375,0.6188791990280151,109.19001007080078,25.17,0
0.6034936904907227,-0.8468119502067566,0.0017993777291849,-60.60298156738281,0.620703399181366,109.19001007080078,25.17,0
0.516036331653595,-0.8065305352210999,0.0011547370813786,-55.27104187011719,0.6218740344047546,109.19001007080078,25.17,0
0.4207268059253692,-0.7974736094474792,-0.010454504750669,-48.24882125854492,0.6226252913475037,109.19001007080078,25.17,0
0.3427693247795105,-0.7748680710792542,-0.0123068736866116,-43.49158477783203,0.623107373714447,109.19001007080078,25.17,0
0.2927407026290893,-0.7211766839027405,0.0032977054361253,-40.68227767944336,0.6234167814254761,109.19001007080078,25.17,0
0.277428537607193,-0.6475362181663513,0.0133118266239762,-36.97707748413086,0.6300414204597473,109.16493225097656,25.19,0
0.3235797882080078,-0.63386470079422,-0.0138483336195349,-31.640087127685547,0.634292721748352,109.14883422851562,25.19,0
0.397979199886322,-0.6586776971817017,-0.0704625844955444,-26.359338760375977,0.6370209455490112,109.13850402832033,25.19,0
0.5296911001205444,-0.8201434016227722,-0.1907609701156616,-22.314847946166992,0.6387717723846436,109.13187408447266,25.19,0
0.6422050595283508,-0.979740560054779,-0.3015481829643249,-19.09954071044922,0.6398953199386597,109.12762451171876,25.19,0
0.5744656920433044,-0.9590097665786744,-0.3502539396286011,-16.072429656982422,0.6406163573265076,109.12489318847656,25.19,0
0.5477877855300903,-1.029672622680664,-0.3591194152832031,-13.40254020690918,0.6410790681838989,109.12313842773438,25.19,0
0.4970808029174804,-1.0526288747787476,-0.3648087680339813,-11.52794361114502,0.6413760185241699,109.12201690673828,25.19,0
0.4925288558006286,-1.0841541290283203,-0.3516665399074554,-10.289109230041504,0.6548783779144287,109.1212921142578,25.19,0
0.4336299300193786,-1.104385256767273,-0.3376348316669464,-9.132256507873535,0.6635434031486511,109.1208267211914,25.19,0
0.3342564702033996,-1.0389995574951172,-0.2670545578002929,-7.80231237411499,0.6691040992736816,109.12052917480467,25.19,0
0.2592887580394745,-1.025027632713318,-0.2105646580457687,-6.350540637969971,0.672672688961029,109.1203384399414,25.19,0
0.2167765647172927,-0.9992679953575134,-0.1743126958608627,-4.756100654602051,0.6749627590179443,109.1202163696289,25.19,0
0.2006902396678924,-0.9715413451194764,-0.1342549473047256,-3.0486090183258057,0.6764324307441711,109.1201400756836,25.19,0
0.1903669685125351,-0.9929324388504028,-0.1029504239559173,-1.469191551208496,0.6773755550384521,109.1200942993164,25.19,0
0.2229264974594116,-1.040246605873108,-0.0548721067607402,-0.2657358348369598,0.6779807806015015,109.12006378173828,25.19,0
0.131865844130516,-1.031425714492798,-0.018420435488224,0.3668524026870727,0.8239737153053284,109.12004089355467,25.19,0
0.0006572869024239,-1.0425583124160769,0.0105699226260185,0.3214065730571747,0.91766357421875,109.12002563476562,25.19,0
-0.1227292269468307,-1.0888869762420654,0.0571631342172622,-0.169910192489624,0.9777883291244508,109.1200180053711,25.19,0
-0.1627271622419357,-1.1074224710464478,0.0926617532968521,-0.5640257000923157,1.0163729190826416,109.12001037597656,25.19,0
-0.1548088937997818,-1.0913286209106443,0.1098449528217315,-0.5482531785964966,1.041134238243103,109.12001037597656,25.19,0
-0.1721184998750686,-1.0698050260543823,0.1320676803588867,-0.3088464140892029,1.0570247173309326,109.12001037597656,25.19,0
-0.2056179046630859,-1.0447968244552612,0.1631222814321518,-0.1623740941286087,1.067222237586975,109.12001037597656,25.19,0
-0.2663003206253052,-1.0231502056121826,0.2054424285888672,-0.1686887145042419,1.0737664699554443,109.12001037597656,25.19,0
-0.2940472662448883,-0.9924653768539428,0.2493943870067596,-0.3017137944698334,1.263434648513794,109.12001037597656,25.19,0
-0.300658106803894,-0.9279913902282716,0.2943935394287109,-0.5626277923583984,1.385152816772461,109.12001037597656,25.19,0
-0.2993027865886688,-0.8642246127128601,0.3344669640064239,-0.7014068365097046,1.4632644653320312,109.12001037597656,25.19,0
-0.2872374653816223,-0.8233028054237366,0.3657815456390381,-0.3856361806392669,1.5133920907974243,109.12001037597656,25.19,0
-0.2794946432113647,-0.8026393055915833,0.3802796900272369,0.2182557284832,1.5455610752105713,109.12001037597656,25.19,0
-0.2185479998588562,-0.8397586345672607,0.3783881962299347,0.6595374345779419,1.5662052631378174,109.12001037597656,25.19,0
-0.1906314939260482,-0.7348308563232422,0.4667387306690216,0.7743455767631531,1.5794535875320437,109.12001037597656,25.19,0
-0.1671185195446014,-0.7402653098106384,0.5570236444473267,0.5864948034286499,1.5879555940628052,109.12001037597656,25.19,0
-0.1688225716352462,-0.7381550669670105,0.6149633526802063,0.0826073884963989,1.7283984422683716,109.16658020019533,25.19,0
-0.2314916402101516,-0.7088119387626648,0.6297546029090881,-0.5667729377746582,1.81852662563324,109.19646453857422,25.19,0
-0.2661112844944,-0.6787856817245483,0.6224534511566162,-1.1124805212020874,1.8763656616210935,109.21564483642578,25.19,0
-0.2491437494754791,-0.6651143431663513,0.6233657598495483,-1.5558311939239502,1.9134833812713623,109.22795104980467,25.19,0
-0.2438527345657348,-0.6619386076927185,0.6463423371315002,-2.0158944129943848,1.9373034238815308,109.23584747314452,25.19,0
-0.25725057721138,-0.6431072950363159,0.6722829341888428,-2.508178234100342,1.952589750289917,109.2409210205078,25.19,0
-0.2882396578788757,-0.563849151134491,0.711321234703064,-3.114286184310913,1.9623996019363403,109.24417114257812,25.19,0
-0.2745400071144104,-0.5185835957527161,0.7307759523391724,-3.8794217109680176,1.968695044517517,109.24626159667967,25.19,0
-0.2657483518123626,-0.5007303357124329,0.7376630902290344,-4.71078634262085,1.720346212387085,109.2476043701172,25.19,0
-0.2713019251823425,-0.4780775904655456,0.7700717449188232,-5.6634697914123535,1.5609703063964844,109.24845886230467,25.19,0
-0.2580725848674774,-0.4691381454467773,0.7852720022201538,-6.969866752624512,1.458691954612732,109.24900817871094,25.19,0
-0.2551805078983307,-0.4578035473823547,0.7950266599655151,-8.646559715270996,1.3930556774139404,109.2493667602539,25.19,0
-0.2309334576129913,-0.4617252051830292,0.8012866377830505,-10.467740058898926,1.3509340286254885,109.24959564208984,25.19,0
-0.220970869064331,-0.4642418920993805,0.8109017014503479,-12.256255149841309,1.3239028453826904,109.24974060058594,25.19,0
-0.2313707768917083,-0.4266725480556488,0.8170720934867859,-13.995145797729492,1.3065557479858398,109.24983215332033,25.19,0
-0.2324470579624176,-0.4193560183048248,0.8154340982437134,-16.017457962036133,1.29542338848114,109.24989318847656,25.19,0
-0.2107466608285904,-0.3922695815563202,0.8199806809425354,-18.898759841918945,1.1238791942596436,109.24993133544922,25.19,0
-0.2192116975784301,-0.3860826194286346,0.8228984475135803,-22.59642219543457,1.0137919187545776,109.2499542236328,25.19,0
-0.2134485095739364,-0.3709166347980499,0.8359664678573608,-26.30925178527832,0.9431442618370056,109.24996948242188,25.19,0
-0.1761633902788162,-0.3499884307384491,0.8555483222007751,-29.849103927612305,0.897806704044342,109.2499771118164,25.19,0
-0.1354426145553589,-0.336557924747467,0.8737125992774963,-34.12702178955078,0.8687116503715515,109.24998474121094,25.19,0
-0.1428970247507095,-0.33913454413414,0.8853693604469299,-39.37656021118164,0.8500401377677917,109.24999237060548,25.19,0
-0.1308875083923339,-0.3407880663871765,0.8928499817848206,-44.00289916992188,0.838057816028595,109.24999237060548,25.19,0
