acc_x,acc_y,acc_z,bvp,eda,hr,temp,label
0.0,0.0,0.0,0.0,0.0,0.0,27.33,5
-0.0624999962747097,-0.1354166567325592,0.0703124925494194,4.189999580383301,0.4716047942638397,8.883332252502441,27.33,5
-0.1505335420370102,-0.31288111209869385,0.17301829159259796,9.529025077819824,1.1042454242706299,20.799999237060547,27.33,5
-0.24704112112522125,-0.46226122975349426,0.2673380374908447,13.27365493774414,1.654533863067627,31.165447235107422,27.33,5
-0.3014340102672577,-0.587256669998169,0.3414875864982605,14.54332447052002,2.0559990406036377,38.72760009765625,27.33,5
-0.35472944378852844,-0.6554147005081177,0.32581329345703125,14.057304382324219,2.327807903289795,43.84749984741211,27.33,5
-0.5229727625846863,-0.8167507648468018,0.29331642389297485,13.091583251953125,2.5061535835266113,47.20689010620117,27.33,5
-0.41992104053497314,-0.8208122253417969,0.3392217755317688,12.087630271911621,2.621659278869629,49.38260269165039,27.33,5
-0.4206201136112213,-0.8290187120437622,0.33525165915489197,10.499974250793457,2.6385512351989746,50.78413391113281,27.33,5
-0.4210694432258606,-0.8286986947059631,0.33269989490509033,7.990002632141113,2.6494085788726807,51.684959411621094,27.33,5
-0.410165011882782,-0.8340896964073181,0.3310612738132477,5.038639545440674,2.6563806533813477,52.263427734375,27.33,5
-0.41435980796813965,-0.8375502228736877,0.32441219687461853,2.1840851306915283,2.660856008529663,52.63475036621094,27.33,5
-0.4058569669723511,-0.8341736793518066,0.32574227452278137,-0.6689974069595337,2.6637284755706787,52.873069763183594,27.33,5
-0.4004001021385193,-0.8320067524909973,0.32659590244293213,-3.9509427547454834,2.665571928024292,53.02601623535156,27.33,5
-0.3968981206417084,-0.8362138271331787,0.32714369893074036,-7.927237510681152,2.666754961013794,53.12417221069336,27.33,5
-0.4002484977245331,-0.8333159685134888,0.3274952471256256,-12.417181968688965,2.6675140857696533,53.187164306640625,27.33,5
-0.39680081605911255,-0.8314562439918518,0.3333186209201813,-16.656373977661133,2.7868943214416504,53.22758865356445,27.33,5
-0.39458829164505005,-0.835860550403595,0.3370557427406311,-19.559558868408203,2.8635058403015137,53.2535285949707,27.33,5
-0.3987661898136139,-0.838687002658844,0.3394540250301361,-20.476856231689453,2.912670612335205,53.27017593383789,27.33,5
-0.4070450961589813,-0.8405008316040039,0.33539530634880066,-19.56442642211914,2.9442217350006104,53.280860900878906,27.33,5
-0.40676024556159973,-0.8472626209259033,0.33279067277908325,-17.41329574584961,2.9644694328308105,53.287715911865234,27.33,5
-0.4009796679019928,-0.8516019582748413,0.3255213797092438,-14.639201164245605,2.9774632453918457,53.292118072509766,27.33,5
-0.40286779403686523,-0.8431911468505859,0.32645413279533386,-11.827165603637695,2.985801935195923,53.29494094848633,27.33,5
-0.40407949686050415,-0.8377935886383057,0.3270527422428131,-9.395611763000488,2.9911532402038574,53.2967529296875,27.33,5
-0.3992593288421631,-0.8343297243118286,0.3274368941783905,-7.451845645904541,3.0166215896606445,53.297916412353516,27.33,5
-0.40176379680633545,-0.837704598903656,0.33328118920326233,-6.064727783203125,3.032965898513794,53.29866409301758,27.33,5
-0.4145665764808655,-0.8398703932762146,0.3314339518547058,-5.597299098968506,3.043454647064209,53.29914093017578,27.33,5
-0.42278265953063965,-0.8412603139877319,0.33584627509117126,-6.347024917602539,3.0501856803894043,53.2994499206543,27.33,5
-0.4280552566051483,-0.8365544676780701,0.33867785334587097,-7.838442325592041,3.0545053482055664,53.29964828491211,27.33,5
-0.4314388930797577,-0.8279367685317993,0.3404949903488159,-8.971094131469727,3.0572774410247803,53.299774169921875,27.33,5
-0.43361032009124756,-0.8280041813850403,0.33606335520744324,-9.063848495483398,3.059056282043457,53.29985427856445,27.33,5
-0.4294060468673706,-0.8112541437149048,0.32202383875846863,-8.464179992675781,3.0601978302001953,53.29990768432617,27.33,5
-0.4267079830169678,-0.8061026930809021,0.30181851983070374,-7.8106536865234375,3.07424259185791,53.94122314453125,27.33,5
-0.41937875747680664,-0.797199010848999,0.28325414657592773,-6.760725021362305,3.0832557678222656,54.352779388427734,27.33,5
-0.4034797251224518,-0.7858873605728149,0.27134060859680176,-4.159515380859375,3.0890398025512695,54.61689376831055,27.33,5
-0.387678861618042,-0.7842260003089905,0.25809741020202637,0.6266319751739502,3.0927517414093018,54.7863883972168,27.33,5
-0.377538800239563,-0.8223442435264587,0.2551964521408081,7.502800941467285,3.0951337814331055,54.89516067504883,27.33,5
-0.3598359227180481,-0.869197428226471,0.26453033089637756,16.454654693603516,3.0966625213623047,54.964962005615234,27.33,5
-0.34847524762153625,-0.9104606509208679,0.27611804008483887,27.329687118530273,3.0976436138153076,55.00975799560547,27.33,5
-0.31319573521614075,-0.9705276489257812,0.2891521453857422,39.03049087524414,3.098273277282715,55.03850555419922,27.33,5
-0.2905553877353668,-1.0034774541854858,0.29751670360565186,49.06869125366211,3.109694480895996,55.05695343017578,27.33,5
-0.281623899936676,-1.0078294277191162,0.302884578704834,53.353919982910156,3.1170239448547363,55.06879425048828,27.33,5
-0.28148993849754333,-0.9826333522796631,0.3063293695449829,48.573360443115234,3.121727466583252,55.076393127441406,27.33,5
-0.2758062183856964,-0.9440729022026062,0.30294227600097656,36.71383285522461,3.1247458457946777,55.081268310546875,27.33,5
-0.26096317172050476,-0.9249247908592224,0.2951708436012268,23.754283905029297,3.126682996749878,55.08439636230469,27.33,5
-0.2570355236530304,-0.9294299483299255,0.2901836037635803,12.403149604797363,3.1279261112213135,55.086402893066406,27.33,5
-0.2713083028793335,-0.9211255311965942,0.28698307275772095,0.833885133266449,3.1287238597869873,55.08769226074219,27.33,5
-0.28606554865837097,-0.9046007394790649,0.27373361587524414,-11.437828063964844,3.1292357444763184,55.08852005004883,27.33,5
-0.2955358922481537,-0.8939960598945618,0.26523086428642273,-22.250818252563477,3.137827157974243,55.08905029296875,27.39,5
-0.3016134202480316,-0.8592017292976379,0.27656760811805725,-30.741230010986328,3.143340826034546,55.08938980102539,27.39,5
-0.31670916080474854,-0.8256771564483643,0.27824512124061584,-37.554847717285156,3.146878957748413,55.08960723876953,27.39,5
-0.32639673352241516,-0.7929674386978149,0.2793216407299042,-42.2498664855957,3.1491496562957764,55.08974838256836,27.39,5
-0.34940698742866516,-0.7663784623146057,0.29120802879333496,-44.07344436645508,3.150606870651245,55.089839935302734,27.39,5
-0.36417365074157715,-0.7493152022361755,0.30443382263183594,-43.896663665771484,3.1515419483184814,55.08989715576172,27.39,5
-0.3904433846473694,-0.749560534954071,0.31851914525032043,-43.2279167175293,3.15214204788208,55.089935302734375,27.39,5
-0.40730178356170654,-0.7609135508537292,0.3275582790374756,-42.33660125732422,3.152527093887329,55.08995819091797,27.39,5
-0.3957294225692749,-0.7905903458595276,0.3389568626880646,-40.59668731689453,3.1697587966918945,55.08997344970703,27.39,5
-0.3771074116230011,-0.820830762386322,0.3406740427017212,-37.94318389892578,3.180817127227783,55.08998489379883,27.39,5
-0.3707546293735504,-0.868226170539856,0.330580472946167,-35.0509033203125,3.187913656234741,55.089988708496094,27.39,5
-0.3946666717529297,-1.0441839694976807,0.30171191692352295,-32.263336181640625,3.1924679279327393,55.08999252319336,27.39,5
-0.4380009174346924,-1.1794946193695068,0.2887835204601288,-29.123804092407227,3.195390462875366,55.089996337890625,27.39,5
-0.4993969798088074,-1.2103514671325684,0.25809571146965027,-25.228181838989258,3.197266101837158,55.089996337890625,27.39,5
-0.49401524662971497,-1.0958070755004883,0.2216087132692337,-21.08737564086914,3.198469877243042,55.089996337890625,27.39,5
-0.45697492361068726,-1.055885672569275,0.20379123091697693,-17.62038230895996,3.199242353439331,55.089996337890625,27.39,5
-0.41641125082969666,-1.0638530254364014,0.19235700368881226,-15.098112106323242,3.213050603866577,55.56647872924805,27.39,5
-0.3791842460632324,-1.0577704906463623,0.17382362484931946,-13.174944877624512,3.221911907196045,55.872257232666016,27.39,5
-0.33290302753448486,-0.9754982590675354,0.15073442459106445,-11.503693580627441,3.2275986671447754,56.06848907470703,27.39,5
-0.3088001608848572,-0.8779184818267822,0.13031932711601257,-9.822142601013184,3.231248140335083,56.194419860839844,27.39,5
-0.3045278787612915,-0.8096995949745178,0.11721809208393097,-7.926192760467529,3.2335901260375977,56.27523422241211,27.39,5
-0.3185794949531555,-0.7435295581817627,0.09201714396476746,-5.892653942108154,3.235093116760254,56.32709884643555,27.39,5
-0.3331947922706604,-0.7066632509231567,0.0702468529343605,-3.971442699432373,3.2360575199127197,56.360382080078125,27.39,5
-0.3145851790904999,-0.7109934091567993,0.06187371164560318,-2.3229410648345947,3.2366764545440674,56.38174057006836,27.39,5
-0.26905596256256104,-0.7529566884040833,0.08448918163776398,-0.9820041656494141,3.253599166870117,56.39544677734375,27.39,5
-0.23424014449119568,-0.8022773861885071,0.09900248795747757,0.1723031997680664,3.2644593715667725,56.40424346923828,27.39,5
-0.25108179450035095,-0.8675152063369751,0.0971207469701767,1.3465628623962402,3.2714288234710693,56.409889221191406,27.39,5
-0.2786830961704254,-0.9317722320556641,0.09031537920236588,2.4189844131469727,3.2759013175964355,56.413509368896484,27.39,5
-0.29639604687690735,-1.0121930837631226,0.09714363515377045,2.7453625202178955,3.2787716388702393,56.41583251953125,27.39,5
-0.31336095929145813,-1.1533669233322144,0.0847322940826416,1.7044943571090698,3.280613422393799,56.41732406616211,27.39,5
-0.3410413861274719,-1.2271708250045776,0.09356073290109634,-0.693858802318573,3.2817955017089844,56.41828155517578,27.39,5
-0.39239174127578735,-1.1457852125167847,0.16080182790756226,-3.7269177436828613,3.2825541496276855,56.41889572143555,27.39,5
-0.3301832675933838,-1.0767632722854614,0.17596442997455597,-6.31105899810791,3.3004844188690186,56.41929244995117,27.39,5
-0.25667479634284973,-1.0660555362701416,0.16890159249305725,-7.557415962219238,3.3119912147521973,56.4195442199707,27.39,5
-0.21509908139705658,-1.0088039636611938,0.15877129137516022,-7.522515773773193,3.319375514984131,56.419708251953125,27.39,5
-0.1828204095363617,-0.9384765625,0.16346579790115356,-7.238591194152832,3.3241143226623535,56.4198112487793,27.39,5
-0.19569244980812073,-0.8317689895629883,0.1664784550666809,-7.529284477233887,3.327155351638794,56.41987991333008,27.39,5
-0.22634409368038177,-0.7408990859985352,0.16281403601169586,-8.131413459777832,3.3291070461273193,56.419921875,27.39,5
-0.26840564608573914,-0.6769862771034241,0.1716579645872116,-8.331531524658203,3.33035945892334,56.41994857788086,27.39,5
-0.3009960949420929,-0.6695573329925537,0.17733348906040192,-7.868830680847168,3.331163167953491,56.41996765136719,27.39,5
-0.3219107687473297,-0.6703876256942749,0.18657349050045013,-6.808807373046875,3.3362696170806885,56.419979095458984,27.39,5
-0.32973483204841614,-0.6933115720748901,0.20369873940944672,-5.175580024719238,3.3395466804504395,56.419986724853516,27.39,5
-0.32915809750556946,-0.7136206030845642,0.22588428854942322,-3.0741915702819824,3.3416497707366943,56.41999053955078,27.39,5
-0.3455812931060791,-0.7658382058143616,0.26251280307769775,-0.8228324055671692,3.3429994583129883,56.41999435424805,27.39,5
-0.37291407585144043,-0.8889128565788269,0.28042110800743103,1.273989200592041,3.3438656330108643,56.41999435424805,27.39,5
-0.3848569095134735,-0.984688401222229,0.2751202881336212,3.1426644325256348,3.34442138671875,56.41999435424805,27.39,5
-0.3757278323173523,-1.102129340171814,0.24372965097427368,4.947328090667725,3.344778060913086,56.41999435424805,27.39,5
-0.3922604024410248,-1.1830940246582031,0.240378275513649,6.746738433837891,3.3450069427490234,56.41999435424805,27.39,5
-0.4700433611869812,-1.2014658451080322,0.260618656873703,8.062712669372559,3.353416681289673,56.68152618408203,27.39,5
-0.5255577564239502,-1.1460825204849243,0.18404337763786316,7.8217082023620605,3.358813524246216,56.849361419677734,27.39,5
-0.5108036994934082,-1.1665184497833252,0.12370622158050537,5.105504035949707,3.362277030944824,56.957069396972656,27.39,5
-0.45095545053482056,-1.1740351915359497,0.15775637328624725,0.43901869654655457,3.364499568939209,57.026187896728516,27.39,5
-0.39015719294548035,-1.1396746635437012,0.1796078085899353,-3.942119598388672,3.3659260272979736,57.0705451965332,27.39,5
-0.32874926924705505,-1.0112663507461548,0.1656419187784195,-6.019254207611084,3.3668413162231445,57.0990104675293,27.39,5
-0.2893412113189697,-0.861687958240509,0.1510816514492035,-6.112668514251709,3.367428779602051,57.117279052734375,27.39,5
-0.2696491479873657,-0.743306040763855,0.1473354697227478,-6.054391384124756,3.3678057193756104,57.12900161743164,27.39,5
-0.3017941117286682,-0.6673353314399719,0.1505291610956192,-6.59736967086792,3.3648340702056885,57.13652420043945,27.39,5
-0.32242289185523987,-0.6409728527069092,0.14138314127922058,-6.909996032714844,3.362926959991455,57.141353607177734,27.39,5
-0.2964768409729004,-0.6688371300697327,0.1243182048201561,-6.179152011871338,3.3617031574249268,57.14445114135742,27.39,5
-0.25743505358695984,-0.7482942938804626,0.11336691677570343,-4.312933921813965,3.360917806625366,57.14643859863281,27.39,5
-0.23238028585910797,-0.8216764330863953,0.10633900761604309,-1.5497169494628906,3.3604137897491455,57.1477165222168,27.39,5
-0.24429045617580414,-0.9303444027900696,0.09063335508108139,1.3520679473876953,3.3600902557373047,57.148536682128906,27.39,5
-0.26312926411628723,-1.0168745517730713,0.08615214377641678,3.182023286819458,3.3598825931549072,57.14906311035156,27.39,5
-0.29761001467704773,-1.150773525238037,0.06088526174426079,3.528808355331421,3.3597493171691895,57.14939880371094,27.39,5
-0.3141400218009949,-1.1639310121536255,0.06706152856349945,3.2892026901245117,3.3615002632141113,57.14961624145508,27.35,5
-0.3247480094432831,-1.0772125720977783,0.11020952463150024,3.153350591659546,3.362623929977417,57.14975357055664,27.35,5
-0.32036006450653076,-1.0383549928665161,0.17148606479167938,2.385478973388672,3.363345146179199,57.14984130859375,27.35,5
-0.29515305161476135,-1.0861895084381104,0.1996142715215683,-0.1493648886680603,3.3638079166412354,57.149898529052734,27.35,5
-0.2565855383872986,-1.0441159009933472,0.20646978914737701,-4.179989814758301,3.364104986190796,57.14993667602539,27.35,5
-0.20944403111934662,-0.9275510907173157,0.227662593126297,-7.7124128341674805,3.364295482635498,57.149959564208984,27.35,5
-0.19038686156272888,-0.8135620951652527,0.24686068296432495,-8.700339317321777,3.364417791366577,57.14997482299805,27.35,5
-0.22293926775455475,-0.7012261152267456,0.2535831332206726,-7.188370704650879,3.3644962310791016,57.149986267089844,27.35,5
-0.2662206292152405,-0.6403309106826782,0.2467016726732254,-5.257946014404297,3.354447364807129,57.14999008178711,27.35,5
-0.31638720631599426,-0.6292407512664795,0.24788331985473633,-4.427524566650391,3.34799861907959,57.149993896484375,27.35,5
-0.3541789948940277,-0.6613081097602844,0.25983718037605286,-4.070153713226318,3.343860149383545,57.14999771118164,27.35,5
-0.37283381819725037,-0.687484860420227,0.26750847697257996,-2.8699357509613037,3.3412044048309326,57.14999771118164,27.35,5
-0.37360987067222595,-0.6986858248710632,0.2892248034477234,-0.5591974258422852,3.3394999504089355,57.14999771118164,27.35,5
-0.38530343770980835,-0.7394605875015259,0.30875885486602783,2.331653594970703,3.3384063243865967,57.14999771118164,27.35,5
-0.41519880294799805,-0.8831807971000671,0.31009915471076965,5.315346717834473,3.3377044200897217,57.14999771118164,27.35,5
-0.4119928181171417,-1.0481832027435303,0.27177485823631287,8.03260612487793,3.337254047393799,57.14999771118164,27.35,5
-0.415533185005188,-1.165267825126648,0.2471805214881897,10.338850975036621,3.3351287841796875,57.404361724853516,27.35,5
-0.48497846722602844,-1.2068192958831787,0.2649839520454407,12.470895767211914,3.3337650299072266,57.567596435546875,27.35,5
-0.557533323764801,-1.1998980045318604,0.25401806831359863,14.458904266357422,3.3328897953033447,57.6723518371582,27.35,5
-0.5481171011924744,-1.2122496366500854,0.19100303947925568,15.344193458557129,3.3323280811309814,57.73957824707031,27.35,5
-0.45250993967056274,-1.21457839012146,0.18974804878234863,13.845174789428711,3.33196759223938,57.782718658447266,27.35,5
-0.37436145544052124,-1.165692925453186,0.211333766579628,9.766349792480469,3.3317363262176514,57.81040573120117,27.35,5
-0.3242102563381195,-1.0391589403152466,0.2083929181098938,4.275569438934326,3.331587791442871,57.82817459106445,27.35,5
-0.2864283323287964,-0.9075766801834106,0.18971233069896698,-0.8315961360931396,3.3314926624298096,57.839576721191406,27.35,5
-0.28457316756248474,-0.761559247970581,0.1665286421775818,-4.2201409339904785,3.3121516704559326,57.846893310546875,27.35,5
-0.2945781648159027,-0.6790491938591003,0.14605291187763214,-5.982717990875244,3.2997395992279053,57.85158920288086,27.35,5
-0.28980323672294617,-0.6428923606872559,0.1273149996995926,-7.192654609680176,3.291774272918701,57.8546028137207,27.35,5
-0.24195678532123566,-0.6756666898727417,0.10969231277704239,-8.227067947387695,3.2866625785827637,57.856536865234375,27.35,5
-0.20565390586853027,-0.7134926915168762,0.09838308393955231,-8.285439491271973,3.2833821773529053,57.8577766418457,27.35,5
-0.21034568548202515,-0.7937449812889099,0.0855276957154274,-6.5817670822143555,3.2812769412994385,57.85857391357422,27.35,5
-0.23574769496917725,-0.9012240767478943,0.07727784663438797,-3.2493386268615723,3.279926061630249,57.85908508300781,27.35,5
-0.26324477791786194,-0.9981868267059326,0.06638579815626144,0.5837804675102234,3.2790591716766357,57.859413146972656,27.35,5
-0.2920863926410675,-1.1219874620437622,0.05939590558409691,3.502225160598755,3.2826342582702637,57.859622955322266,27.29,5
-0.32179081439971924,-1.2014355659484863,0.06050797179341316,5.049100399017334,3.284928321838379,57.85975646972656,27.29,5
-0.35764673352241516,-1.1292697191238403,0.13399270176887512,5.988057613372803,3.286400556564331,57.85984420776367,27.29,5
-0.3302770256996155,-1.0941534042358398,0.18115097284317017,7.006205081939697,3.2873454093933105,57.859901428222656,27.29,5
-0.2791260778903961,-1.0940089225769043,0.20021888613700867,7.817226886749268,3.287951707839966,57.85993576049805,27.29,5
-0.2518981099128723,-1.0491340160369873,0.2012600302696228,7.674917221069336,3.2883408069610596,57.85995864868164,27.29,5
-0.23442476987838745,-0.9811514019966125,0.21872149407863617,6.329689979553223,3.288590669631958,57.8599739074707,27.29,5
-0.24560248851776123,-0.864753007888794,0.2467205822467804,4.753467559814453,3.2887508869171143,57.8599853515625,27.29,5
-0.29196012020111084,-0.734077513217926,0.2422976791858673,4.476366996765137,3.2796730995178223,57.859989166259766,27.29,5
-0.3329053223133087,-0.6502174735069275,0.2394593209028244,5.434216499328613,3.2738473415374756,57.85999298095703,27.29,5
-0.3759749233722687,-0.6243898272514343,0.24323560297489166,5.486444473266602,3.270108699798584,57.8599967956543,27.29,5
-0.40361452102661133,-0.6246083974838257,0.2512567639350891,3.327425241470337,3.267709493637085,57.8599967956543,27.29,5
-0.4101564884185791,-0.6471397876739502,0.2620020806789398,0.5984251499176025,3.266169786453247,57.8599967956543,27.29,5
-0.40875697135925293,-0.6895880103111267,0.28569111227989197,-0.2070901095867157,3.26518177986145,57.8599967956543,27.29,5
-0.41345661878585815,-0.7672088146209717,0.3064911365509033,1.321627140045166,3.264547824859619,57.8599967956543,27.29,5
-0.43326589465141296,-0.9233790636062622,0.3142416179180145,3.7966036796569824,3.2641408443450928,57.8599967956543,27.29,5
-0.4403805732727051,-1.079577922821045,0.2912265658378601,6.112164497375488,3.264338731765747,58.626670837402344,27.29,5
-0.450544148683548,-1.202208399772644,0.2764568328857422,8.053145408630371,3.264465570449829,59.118675231933594,27.29,5
-0.5018487572669983,-1.1969389915466309,0.2949673533439636,9.843306541442871,3.264547109603882,59.434417724609375,27.29,5
-0.5291752815246582,-1.1263841390609741,0.262064129114151,11.826869010925293,3.264599323272705,59.63704299926758,27.29,5
-0.47953858971595764,-1.1650726795196533,0.19616654515266418,13.75183391571045,3.2646329402923584,59.76707458496094,27.29,5
-0.42529353499412537,-1.2122918367385864,0.17626836895942688,14.080774307250977,3.2646543979644775,59.850521087646484,27.29,5
-0.37368884682655334,-1.1698232889175415,0.17469440400600433,11.4186429977417,3.2646682262420654,59.90407180786133,27.29,5
-0.3181808292865753,-1.019418478012085,0.15129323303699493,6.679381370544434,3.264677047729492,59.938438415527344,27.29,5
-0.27696120738983154,-0.8669195175170898,0.1306779384613037,2.3554341793060303,3.274322748184204,59.96049499511719,27.29,5
-0.27289992570877075,-0.7354678511619568,0.12864378094673157,-0.27254050970077515,3.280512809753418,59.974647521972656,27.29,5
-0.28708696365356445,-0.6623052358627319,0.12174059450626373,-1.880206823348999,3.284485101699829,59.98373031616211,27.29,5
-0.2793980538845062,-0.6377447843551636,0.10611497610807419,-3.5854387283325195,3.287034511566162,59.989559173583984,27.29,5
-0.24647487699985504,-0.67236328125,0.09048958122730255,-5.6721320152282715,3.288670539855957,59.99330139160156,27.29,5
-0.22534668445587158,-0.7169705629348755,0.08605987578630447,-7.455490589141846,3.289720296859741,59.99570083618164,27.29,5
-0.22858114540576935,-0.7959768772125244,0.08881492167711258,-7.861937046051025,3.2903940677642822,59.99724197387695,27.29,5
-0.24745015799999237,-0.8858630061149597,0.09618072211742401,-6.456873416900635,3.2908263206481934,59.99822998046875,27.29,5
-0.27635252475738525,-0.9995245337486267,0.10090766847133636,-3.92153000831604,3.321859836578369,59.998863220214844,27.27,5
-0.3116937279701233,-1.1116503477096558,0.0983433797955513,-1.3737704753875732,3.341775417327881,59.999271392822266,27.27,5
-0.3399714529514313,-1.1668128967285156,0.10229554027318954,0.6732311248779297,3.354556083679199,59.99953079223633,27.27,5
-0.3525207042694092,-1.056670904159546,0.1776028722524643,2.599499225616455,3.362757921218872,59.999698638916016,27.27,5
-0.3381829857826233,-0.9691948294639587,0.23152856528759003,4.9570136070251465,3.3680214881896973,59.99980545043945,27.27,5
-0.29539522528648376,-1.0138176679611206,0.24934165179729462,7.444390773773193,3.371399402618408,59.999874114990234,27.27,5
-0.27913203835487366,-0.9920740723609924,0.24397973716259003,8.879430770874023,3.3735671043395996,59.99991989135742,27.27,5
-0.2519019544124603,-0.9389358758926392,0.25173431634902954,8.550037384033203,3.3749582767486572,59.99995040893555,27.27,5
-0.25681835412979126,-0.820868194103241,0.2623085379600525,7.317617893218994,3.3960492610931396,59.999969482421875,27.27,5
-0.28236448764801025,-0.717110276222229,0.2634966969490051,6.698685646057129,3.4095840454101562,59.99998092651367,27.27,5
-0.32114964723587036,-0.6617199778556824,0.2642591893672943,6.831711769104004,3.4182701110839844,59.9999885559082,27.27,5
-0.34603971242904663,-0.6653580665588379,0.2591507136821747,6.304460048675537,3.423844337463379,59.99999237060547,27.27,5
-0.35081717371940613,-0.6732906103134155,0.26147016882896423,4.389766693115234,3.4274213314056396,59.999996185302734,27.27,5
-0.3482853174209595,-0.6839790344238281,0.2685564458370209,2.3513646125793457,3.4297170639038086,59.999996185302734,27.27,5
-0.35785606503486633,-0.7020337581634521,0.2842995524406433,1.845732569694519,3.431190252304077,59.999996185302734,27.27,5
-0.3919868767261505,-0.7863913178443909,0.3000003397464752,3.018763542175293,3.432135581970215,59.999996185302734,27.27,5
-0.4026945233345032,-0.9077004194259644,0.2820873260498047,4.7782511711120605,3.453151226043701,60.73801040649414,27.27,5
-0.39837053418159485,-1.0583207607269287,0.2649940252304077,6.100848197937012,3.4666378498077393,61.21162414550781,27.27,5
-0.4403778314590454,-1.1941646337509155,0.27641561627388,6.791981220245361,3.475292682647705,61.515560150146484,27.27,5
-0.49532458186149597,-1.2365591526031494,0.28374534845352173,7.5543599128723145,3.480846881866455,61.710609436035156,27.27,5
-0.47460848093032837,-1.1742011308670044,0.22687362134456635,9.243773460388184,3.4844112396240234,61.83578109741211,27.27,5
-0.3829452395439148,-1.2125521898269653,0.1903766244649887,11.44570541381836,3.486698627471924,61.91611099243164,27.27,5
-0.3017299473285675,-1.242761492729187,0.189346045255661,12.120768547058105,3.488166570663452,61.96765899658203,27.27,5
-0.23281733691692352,-1.1445947885513306,0.16069580614566803,9.58044719696045,3.4891085624694824,62.00074005126953,27.27,5
-0.18859317898750305,-1.0200215578079224,0.12551641464233398,4.657828330993652,3.4883360862731934,62.02197265625,27.27,5
-0.18260376155376434,-0.8617087602615356,0.10294030606746674,-0.03815022110939026,3.487840175628662,62.03559494018555,27.27,5
-0.16196678578853607,-0.7769060730934143,0.08845225721597672,-2.9586119651794434,3.4875218868255615,62.04433822631836,27.27,5
-0.13192982971668243,-0.7280823588371277,0.06795911490917206,-4.850708961486816,3.4873178005218506,62.049949645996094,27.27,5
-0.11265384405851364,-0.7359344959259033,0.0324166975915432,-7.075234413146973,3.4871866703033447,62.053550720214844,27.27,5
-0.10588140040636063,-0.7745602130889893,0.00400984613224864,-9.63490104675293,3.487102508544922,62.05586242675781,27.27,5
-0.12392633408308029,-0.8777168393135071,-0.019817808642983437,-11.137826919555664,3.487048625946045,62.05734634399414,27.27,5
-0.15229985117912292,-0.9495145678520203,-0.01831570267677307,-10.260873794555664,3.487014055252075,62.05829620361328,27.27,5
-0.1873016655445099,-1.1131434440612793,-0.034145060926675797,-7.0899810791015625,3.494795322418213,62.05890655517578,27.27,5
-0.22655713558197021,-1.139782190322876,-0.005119012668728828,-3.1240768432617188,3.499788999557495,62.05929946899414,27.27,5
-0.2629445791244507,-1.039324164390564,0.052692655473947525,0.05512829124927521,3.502993583679199,62.05955123901367,27.27,5
-0.2751004099845886,-1.0420292615890503,0.12897728383541107,2.1025242805480957,3.5050501823425293,62.05971145629883,27.27,5
-0.24371689558029175,-1.021374225616455,0.16673681139945984,3.7782654762268066,3.5063698291778564,62.059814453125,27.27,5
-0.2067834436893463,-0.9913256764411926,0.17977315187454224,5.580922603607178,3.507216691970825,62.05988311767578,27.27,5
-0.15509280562400818,-0.8992711305618286,0.1825413554906845,6.988544464111328,3.5077602863311768,62.0599250793457,27.27,5
-0.1555073857307434,-0.8122069835662842,0.17872005701065063,7.078630447387695,3.5081090927124023,62.05995178222656,27.27,5
-0.22294671833515167,-0.7507364153862,0.17066998779773712,5.850297927856445,3.4996111392974854,62.05997085571289,27.27,5
-0.28861650824546814,-0.7392770648002625,0.15430836379528046,4.786166191101074,3.4941577911376953,62.05998229980469,27.27,5
-0.34195515513420105,-0.748716413974762,0.13821063935756683,5.382246971130371,3.4906580448150635,62.05998992919922,27.27,5
-0.3705870509147644,-0.782762885093689,0.1278800517320633,6.896871566772461,3.4884121417999268,62.059993743896484,27.27,5
-0.37216803431510925,-0.8326008319854736,0.12125048041343689,6.847836494445801,3.486970901489258,62.05999755859375,27.27,5
-0.35638928413391113,-0.914963960647583,0.10580044984817505,4.3837995529174805,3.4860458374023438,62.05999755859375,27.27,5
-0.3630567193031311,-1.0126020908355713,0.08468995988368988,1.5629514455795288,3.485452175140381,62.05999755859375,27.27,5
-0.3561399281024933,-1.0304783582687378,0.05994691699743271,0.6805804967880249,3.4850714206695557,62.05999755859375,27.27,5
-0.3125167191028595,-1.0363526344299316,0.021677156910300255,1.9772648811340332,3.4788594245910645,62.651123046875,27.27,5
-0.28452184796333313,-1.129686713218689,-0.014077721163630486,4.199441909790039,3.4748728275299072,63.03047180175781,27.27,5
-0.221774160861969,-1.1839853525161743,-0.04821868985891342,6.012425422668457,3.4723145961761475,63.27391815185547,27.27,5
-0.17031076550483704,-1.084484577178955,-0.0645306259393692,6.814053535461426,3.470672845840454,63.43014907836914,27.27,5
-0.14848007261753082,-0.9702507257461548,-0.058205366134643555,7.102789878845215,3.4696192741394043,63.5304069519043,27.27,5
-0.17365480959415436,-0.8913442492485046,-0.0541461780667305,7.8003926277160645,3.4689431190490723,63.59474563598633,27.27,5
-0.19540826976299286,-0.8742932677268982,-0.05713899806141853,8.792625427246094,3.4685091972351074,63.63603591918945,27.27,5
-0.19257506728172302,-0.9025353193283081,-0.07025516778230667,8.465670585632324,3.468230724334717,63.662532806396484,27.27,5
-0.16836579144001007,-0.9206594824790955,-0.0730745941400528,5.128261089324951,3.4643795490264893,63.67953872680664,27.27,5
-0.13603635132312775,-0.9378882646560669,-0.07488393783569336,-1.0510586500167847,3.4619081020355225,63.690452575683594,27.27,5
-0.1264847218990326,-0.9209558367729187,-0.1040339469909668,-7.649783611297607,3.460322141647339,63.69745635986328,27.27,5
-0.13714835047721863,-0.9324806928634644,-0.1283385157585144,-12.167489051818848,3.4593043327331543,63.70195007324219,27.27,5
-0.18877385556697845,-0.9622677564620972,-0.14393578469753265,-14.554384231567383,3.458651065826416,63.704833984375,27.27,5
-0.22190412878990173,-0.9589923024177551,-0.13155412673950195,-16.41217041015625,3.4582319259643555,63.70668411254883,27.27,5
-0.2375674545764923,-0.9456947445869446,-0.10681496560573578,-17.887414932250977,3.45796275138855,63.70787048339844,27.27,5
-0.24202150106430054,-1.0043344497680664,-0.07414547353982925,-17.494258880615234,3.4577901363372803,63.70863342285156,27.27,5
-0.21689099073410034,-0.9803904891014099,-0.041984520852565765,-14.98134708404541,3.455843448638916,63.70912170410156,27.25,5
-0.21195921301841736,-0.8978513479232788,0.012241174466907978,-11.87118911743164,3.454594135284424,63.709434509277344,27.25,5
-0.23678316175937653,-0.8952624797821045,0.08062674850225449,-9.079936981201172,3.4537923336029053,63.70963668823242,27.25,5
-0.23032264411449432,-0.8600144386291504,0.1245126724243164,-6.2138991355896,3.453277826309204,63.70976638793945,27.25,5
-0.19818778336048126,-0.8038076162338257,0.15827390551567078,-3.1959736347198486,3.4529476165771484,63.7098503112793,27.25,5
-0.17196770012378693,-0.7845306396484375,0.1855376958847046,-0.6645352840423584,3.452735662460327,63.709903717041016,27.25,5
-0.11035896837711334,-0.7665619850158691,0.19743625819683075,1.0853862762451172,3.4525997638702393,63.709938049316406,27.25,5
-0.0540287084877491,-0.7438352108001709,0.1994742900133133,2.42333984375,3.452512502670288,63.7099609375,27.25,5
-0.023476967588067055,-0.7348482608795166,0.18958663940429688,3.9268250465393066,3.4441936016082764,63.70997619628906,27.25,5
-0.0038706182967871428,-0.7738631367683411,0.14965467154979706,5.658346652984619,3.438854932785034,63.709983825683594,27.25,5
0.031102707609534264,-0.8044984340667725,0.11843085289001465,6.622652053833008,3.4354288578033447,63.70998764038086,27.25,5
0.04794880002737045,-0.8297561407089233,0.06480655819177628,5.640076160430908,3.43323016166687,63.709991455078125,27.25,5
0.03077078051865101,-0.9803116917610168,-0.014388622716069221,3.1250808238983154,3.431819200515747,63.70999526977539,27.25,5
0.019746916368603706,-1.1049184799194336,-0.03722266107797623,0.8411598205566406,3.4309136867523193,63.70999526977539,27.25,5
0.03506353124976158,-1.1456995010375977,-0.04068068414926529,-0.14088144898414612,3.430332660675049,63.70999526977539,27.25,5
0.04489285498857498,-1.1942615509033203,-0.04849761724472046,-0.06533157825469971,3.429959774017334,63.70999526977539,27.25,5
-0.021570317447185516,-1.1862413883209229,-0.008731881156563759,0.5456163287162781,3.4219167232513428,64.2724609375,27.25,5
-0.0642225593328476,-1.1587034463882446,0.011189703829586506,1.3138580322265625,3.416754961013794,64.63341522216797,27.25,5
-0.08599653840065002,-1.129835605621338,0.007180907763540745,1.8104538917541504,3.413442611694336,64.86505889892578,27.25,5
-0.1167631447315216,-1.133700966835022,0.038194939494132996,1.7816306352615356,3.4113168716430664,65.01371765136719,27.25,5
-0.13650737702846527,-1.1473771333694458,0.06369573622941971,1.462197184562683,3.4099526405334473,65.10911560058594,27.25,5
-0.17156919836997986,-1.1113715171813965,-0.031894806772470474,1.2786986827850342,3.4090771675109863,65.17033386230469,27.25,5
-0.2164609432220459,-1.0994607210159302,-0.03726157546043396,1.2290087938308716,3.408515453338623,65.20962524414062,27.25,5
-0.2060854732990265,-1.086219310760498,-0.0239123348146677,0.7027252912521362,3.4081549644470215,65.2348403930664,27.25,5
-0.11546047031879425,-1.0889172554016113,-0.060127757489681244,-0.7742722630500793,3.3904800415039062,65.25102233886719,27.25,5
-0.07969366014003754,-1.096246361732483,-0.10575982183218002,-2.5998551845550537,3.3791372776031494,65.26140594482422,27.25,5
-0.12951163947582245,-1.0673631429672241,-0.15183718502521515,-3.502716064453125,3.3718581199645996,65.26806640625,27.25,5
-0.14468863606452942,-1.020838737487793,-0.1478203386068344,-3.0037648677825928,3.3671867847442627,65.2723388671875,27.25,5
-0.09845061600208282,-1.0077753067016602,-0.11165590584278107,-1.7915055751800537,3.3641889095306396,65.27508544921875,27.25,5
-0.10236436128616333,-0.9937942028045654,-0.12763208150863647,-0.6803677678108215,3.362265110015869,65.27684783935547,27.25,5
-0.1496581733226776,-0.9792241454124451,-0.16027577221393585,0.1795821189880371,3.3610305786132812,65.2779769897461,27.25,5
-0.21359525620937347,-1.0258517265319824,-0.15323573350906372,0.9750636219978333,3.3602383136749268,65.27870178222656,27.25,5
-0.2042464315891266,-0.9997968077659607,-0.10393564403057098,1.7578336000442505,3.2977583408355713,65.27916717529297,27.27,5
-0.24862687289714813,-0.983076274394989,-0.07789546251296997,2.6291756629943848,3.257662296295166,65.27946472167969,27.27,5
-0.26031434535980225,-0.9611504673957825,-0.044391050934791565,3.8797898292541504,3.23193097114563,65.27965545654297,27.27,5
-0.3014013469219208,-0.9190908670425415,-0.022889846935868263,5.599501609802246,3.2154181003570557,65.27977752685547,27.27,5
-0.4173330068588257,-0.8529149889945984,-0.03148270770907402,7.394550323486328,3.2048211097717285,65.27985382080078,27.27,5
-0.49173128604888916,-0.8272404670715332,0.0021873093210160732,8.786541938781738,3.1980206966400146,65.2799072265625,27.27,5
-0.5282802581787109,-0.8219595551490784,0.04058811068534851,9.708502769470215,3.1936564445495605,65.27993774414062,27.27,5
-0.5853219628334045,-0.8297661542892456,0.059633757919073105,10.48287582397461,3.1908557415008545,65.27996063232422,27.27,5
-0.6107324957847595,-0.8235804438591003,0.07185615599155426,11.298672676086426,3.1583023071289062,65.27997589111328,27.27,5
-0.5878550410270691,-0.8084152340888977,0.09089533984661102,11.800708770751953,3.13741135597229,65.27998352050781,27.27,5
-0.5731736421585083,-0.7986831068992615,0.11990691721439362,11.528179168701172,3.12400484085083,65.27999114990234,27.27,5
-0.5973386168479919,-0.8092308640480042,0.12732931971549988,10.514962196350098,3.115401268005371,65.27999114990234,27.27,5
-0.6072485446929932,-0.7992064952850342,0.14328815042972565,9.026415824890137,3.109879970550537,65.27999114990234,27.27,5
-0.5800215005874634,-0.7871756553649902,0.1535295993089676,6.982048988342285,3.106336832046509,65.27999114990234,27.27,5
-0.5625487565994263,-0.7738571763038635,0.1489064246416092,4.2298970222473145,3.104063034057617,65.27999114990234,27.27,5
-0.5737268328666687,-0.7709079384803772,0.14593954384326935,1.1059281826019287,3.1026039123535156,65.27999114990234,27.27,5
-0.5753024816513062,-0.7802108526229858,0.14403556287288666,-1.615370512008667,3.138850212097168,65.78155517578125,27.27,5
-0.5707159042358398,-0.7581920623779297,0.14281369745731354,-3.2578485012054443,3.1621110439300537,66.10343170166016,27.27,5
-0.5677725076675415,-0.7440616488456726,0.1532251238822937,-3.509399652481079,3.1770386695861816,66.30998992919922,27.27,5
-0.5714813470840454,-0.7461891174316406,0.18229767680168152,-2.4240944385528564,3.1866183280944824,66.44255065917969,27.27,5
-0.5570681691169739,-0.769945502281189,0.19535699486732483,-0.4128025472164154,3.192765951156616,66.52761840820312,27.27,5
-0.5366230607032776,-0.785190999507904,0.19813993573188782,1.9849447011947632,3.1967110633850098,66.58220672607422,27.27,5
-0.5123070478439331,-0.8005724549293518,0.21671919524669647,4.634279251098633,3.1992428302764893,66.61724090576172,27.27,5
-0.4967024028301239,-0.8216388821601868,0.25663116574287415,7.6994309425354,3.2008676528930664,66.63972473144531,27.27,5
-0.4754926860332489,-0.8519514799118042,0.28784215450286865,10.992021560668945,3.223944664001465,66.6541519165039,27.27,5
-0.4562837481498718,-0.8546110391616821,0.30227378010749817,14.029321670532227,3.2387540340423584,66.66341400146484,27.27,5
-0.43835878372192383,-0.8507199883460999,0.31153517961502075,16.62693214416504,3.248257875442505,66.66935729980469,27.27,5
-0.43805110454559326,-0.8482229113578796,0.31747859716415405,18.791906356811523,3.254356861114502,66.67317199707031,27.27,5
-0.4490492045879364,-0.8410226702690125,0.31569498777389526,20.46786880493164,3.258270740509033,66.67562103271484,27.27,5
-0.45610716938972473,-0.8364019989967346,0.30895256996154785,21.625804901123047,3.260782480239868,66.67719268798828,27.27,5
-0.46063655614852905,-0.8278388977050781,0.3046256899833679,22.103790283203125,3.262394428253174,66.6781997680664,27.27,5
-0.46354326605796814,-0.822343647480011,0.3018489480018616,21.647445678710938,3.2634289264678955,66.67884826660156,27.27,5
-0.4654086232185364,-0.8188170790672302,0.2944692075252533,20.37654685974121,3.3187191486358643,66.67926025390625,27.19,5
-0.4610079228878021,-0.8165539503097534,0.28973332047462463,18.63306999206543,3.354201316833496,66.67952728271484,27.19,5
-0.46378159523010254,-0.8262971639633179,0.29229187965393066,16.249557495117188,3.37697172164917,66.67969512939453,27.19,5
-0.4599637985229492,-0.8437453508377075,0.29393380880355835,12.738791465759277,3.3915843963623047,66.67980194091797,27.19,5
-0.451915979385376,-0.8549425601959229,0.3005852997303009,8.25025749206543,3.4009618759155273,66.67987060546875,27.19,5
-0.44675135612487793,-0.8509327173233032,0.31045159697532654,3.5068352222442627,3.40697979927063,66.67991638183594,27.19,5
-0.43783921003341675,-0.8483594655990601,0.31118544936180115,-1.1207184791564941,3.410841941833496,66.67994689941406,27.19,5
-0.4321199059486389,-0.8467081189155579,0.3116563856601715,-5.8387131690979,3.413320302963257,66.67996978759766,27.19,5
-0.4284496009349823,-0.8456483483314514,0.31755638122558594,-10.822537422180176,3.4520936012268066,66.67997741699219,27.19,5
-0.431691974401474,-0.8449682593345642,0.31574490666389465,-15.844399452209473,3.476976156234741,66.67998504638672,27.19,5
-0.4337727427482605,-0.8501296043395996,0.3089846074581146,-20.26013946533203,3.4929444789886475,66.67999267578125,27.19,5
-0.4351080656051636,-0.8590396046638489,0.30464625358581543,-23.161975860595703,3.5031919479370117,66.67999267578125,27.19,5
-0.42476943135261536,-0.8591597676277161,0.30745992064476013,-24.010337829589844,3.50976824760437,66.67999267578125,27.19,5
-0.4181347191333771,-0.8536391258239746,0.3036677837371826,-23.257875442504883,3.513988494873047,66.67999267578125,27.19,5
-0.4138769209384918,-0.8500962853431702,0.3012342154979706,-21.918752670288086,3.5166966915130615,66.67999267578125,27.19,5
-0.41114452481269836,-0.8478226661682129,0.2996724843978882,-20.697542190551758,3.518434762954712,66.67999267578125,27.19,5
-0.40939101576805115,-0.8463636040687561,0.2986702620983124,-19.888761520385742,3.5484700202941895,67.09915924072266,27.19,5
-0.40826570987701416,-0.8510250449180603,0.2924293279647827,-19.62767791748047,3.5677449703216553,67.36815643310547,27.19,5
-0.4075435698032379,-0.8540164828300476,0.2884242534637451,-19.696578979492188,3.5801146030426025,67.54077911376953,27.19,5
-0.40708014369010925,-0.8559362292289734,0.2858540117740631,-19.608240127563477,3.588052749633789,67.65155792236328,27.19,5
-0.40678274631500244,-0.8571681976318359,0.2842046022415161,-19.157466888427734,3.593146800994873,67.72264862060547,27.19,5
-0.40659189224243164,-0.8579587936401367,0.28314608335494995,-18.517093658447266,3.5964159965515137,67.76827239990234,27.19,5
-0.4064694046974182,-0.852868378162384,0.2824667990207672,-17.69055938720703,3.5985140800476074,67.79755401611328,27.19,5
-0.40639081597328186,-0.85519939661026,0.2820308804512024,-16.386301040649414,3.599860429763794,67.81634521484375,27.19,5
-0.4119381308555603,-0.8566953539848328,0.2817511260509491,-14.32406234741211,3.6195449829101562,67.82839965820312,27.19,5
-0.4154980778694153,-0.8520575761795044,0.2815715968608856,-11.456546783447266,3.6321775913238525,67.83613586425781,27.19,5
-0.41778266429901123,-0.8546791076660156,0.2814563810825348,-8.04358959197998,3.640284299850464,67.84110260009766,27.19,5
-0.4192487597465515,-0.856361448764801,0.28698021173477173,-4.5421271324157715,3.645486831665039,67.84429168701172,27.19,5
-0.42018961906433105,-0.8574410676956177,0.2905251085758209,-1.184491515159607,3.6488254070281982,67.8463363647461,27.19,5
-0.42079341411590576,-0.8581339120864868,0.29280000925064087,2.080843925476074,3.650968074798584,67.84764862060547,27.19,5
-0.4211809039115906,-0.8585785627365112,0.2942599058151245,4.989593029022217,3.6523430347442627,67.8484878540039,27.19,5
-0.4214295744895935,-0.8532661199569702,0.2951967716217041,6.877756118774414,3.6532254219055176,67.84902954101562,27.19,5
-0.4215891659259796,-0.8498569130897522,0.29579800367355347,7.462520122528076,3.6620545387268066,67.84937286376953,27.29,5
-0.42169156670570374,-0.8476690649986267,0.29058608412742615,7.096194744110107,3.6677205562591553,67.84959411621094,27.29,5
-0.4217572808265686,-0.8518627882003784,0.2872413694858551,6.137427806854248,3.671356678009033,67.84973907470703,27.29,5
-0.4217994511127472,-0.8545541167259216,0.2850949168205261,4.73756217956543,3.6736900806427,67.8498306274414,27.29,5
-0.4218265116214752,-0.8562812209129333,0.28371745347976685,3.154937267303467,3.675187587738037,67.84989166259766,27.29,5
-0.41624611616134644,-0.8573895692825317,0.282833456993103,1.7738767862319946,3.6761486530303955,67.84992980957031,27.29,5
-0.4182627201080322,-0.8581008911132812,0.28226616978645325,0.8446007966995239,3.6767654418945312,67.8499526977539,27.29,5
-0.4195568561553955,-0.8585573434829712,0.28190210461616516,0.36646997928619385,3.67716121673584,67.84996795654297,27.29,5
-0.4147895872592926,-0.8532525300979614,0.28726625442504883,0.091876320540905,3.679710626602173,67.8499755859375,27.29,5
-0.41173022985458374,-0.8498481512069702,0.29070866107940674,-0.23122769594192505,3.6813466548919678,67.84998321533203,27.29,5
-0.40976688265800476,-0.8532612323760986,0.29291778802871704,-0.5962105989456177,3.682396411895752,67.84999084472656,27.29,5
-0.414104700088501,-0.8554515242576599,0.2943354845046997,-0.8949219584465027,3.683070182800293,67.84999084472656,27.29,5
-0.41129070520401,-0.8512593507766724,0.29524528980255127,-1.154686689376831,3.683502435684204,67.84999084472656,27.29,5
-0.4094848334789276,-0.8541668653488159,0.2958291471004486,-1.3679622411727905,3.6837799549102783,67.84999084472656,27.29,5
-0.4139237105846405,-0.8560327291488647,0.2962038218975067,-1.3794399499893188,3.683958053588867,67.84999084472656,27.29,5
-0.4167723059654236,-0.8572301268577576,0.29084649682044983,-1.1109473705291748,3.684072256088257,67.84999084472656,27.29,5
-0.4186003804206848,-0.8579985499382019,0.2874084711074829,-0.6448731422424316,3.6846046447753906,68.19392395019531,27.29,5
-0.41977354884147644,-0.8584916591644287,0.28520214557647705,-0.08066290616989136,3.684946298599243,68.41463470458984,27.29,5
-0.4205264151096344,-0.8588081002235413,0.28378626704216003,0.44979575276374817,3.6851654052734375,68.5562744140625,27.29,5
-0.4210095703601837,-0.8534134030342102,0.2828776240348816,0.7078143954277039,3.6853060722351074,68.64717102050781,27.29,5
-0.4213196039199829,-0.8499513864517212,0.28229451179504395,0.5796246528625488,3.685396432876587,68.70550537109375,27.29,5
-0.41592079401016235,-0.8533274531364441,0.28192031383514404,0.3146485388278961,3.6854543685913086,68.7429428100586,27.29,5
-0.41805392503738403,-0.8554940223693848,0.281680166721344,0.23774906992912292,3.6854915618896484,68.7669677734375,27.29,5
-0.41942286491394043,-0.8568844199180603,0.2815260589122772,0.3066244125366211,3.6855154037475586,68.78238677978516,27.29,5
-0.4203013479709625,-0.8577767014503479,0.28702494502067566,0.2505125403404236,3.6832356452941895,68.79228210449219,27.29,5
-0.41526734828948975,-0.8583493232727051,0.2905538082122803,0.010296346619725227,3.6817727088928223,68.79862976074219,27.29,5
-0.41203680634498596,-0.8587167859077454,0.29281842708587646,-0.2943287491798401,3.6808338165283203,68.80270385742188,27.29,5
-0.4099636375904083,-0.8589525818824768,0.2942717373371124,-0.5972968935966492,3.6802313327789307,68.80531311035156,27.29,5
-0.40863320231437683,-0.8591039180755615,0.29520437121391296,-0.7881417870521545,3.679844617843628,68.80699157714844,27.29,5
-0.40777939558029175,-0.8592010140419006,0.29580289125442505,-0.7852249145507812,3.679596424102783,68.80806732177734,27.29,5
-0.40723147988319397,-0.8592633605003357,0.29618698358535767,-0.8191788196563721,3.6794371604919434,68.80876159667969,27.29,5
-0.41247764229774475,-0.85930335521698,0.2908357083797455,-1.120409369468689,3.679335117340088,68.8092041015625,27.29,5
-0.4158443212509155,-0.8593290448188782,0.28740155696868896,-1.4176164865493774,3.674219846725464,68.80948638916016,27.31,5
-0.4180048704147339,-0.864943265914917,0.2851977050304413,-1.2930803298950195,3.6709370613098145,68.8096694946289,27.31,5
-0.41939136385917664,-0.8629484176635742,0.2837834060192108,-0.8047464489936829,3.668830394744873,68.80978393554688,27.31,5
-0.42028114199638367,-0.8616682291030884,0.28287580609321594,-0.29073765873908997,3.667478561401367,68.80986022949219,27.31,5
-0.4208521544933319,-0.8608466386795044,0.28789111971855164,0.11077509075403214,3.6666109561920166,68.80990600585938,27.31,5
-0.421218603849411,-0.8547216653823853,0.28551188111305237,0.4759201109409332,3.6660542488098145,68.8099365234375,27.31,5
-0.4214537739753723,-0.8507909774780273,0.2895828187465668,0.903708279132843,3.665696859359741,68.8099594116211,27.31,5
-0.4216046929359436,-0.8538662791252136,0.29219529032707214,1.3752797842025757,3.6654675006866455,68.80997467041016,27.31,5
-0.4217015206813812,-0.8558398485183716,0.29387181997299194,1.735228419303894,3.660270929336548,68.80998229980469,27.31,5
-0.41616588830947876,-0.8571063280105591,0.2949477434158325,1.8730757236480713,3.656935930252075,68.80998992919922,27.31,5
-0.4126134514808655,-0.8523213267326355,0.29563820362091064,1.7752442359924316,3.6547956466674805,68.80998992919922,27.31,5
-0.41593146324157715,-0.8548483848571777,0.2960813045501709,1.4258556365966797,3.6534223556518555,68.80998992919922,27.31,5
-0.4124630093574524,-0.8564701080322266,0.2963656485080719,0.9078669548034668,3.652540922164917,68.80998992919922,27.31,5
-0.4102371633052826,-0.8575108051300049,0.29654812812805176,0.4357311725616455,3.651975393295288,68.80998992919922,27.31,5
-0.41440650820732117,-0.8581786751747131,0.296665221452713,0.13632416725158691,3.6516122817993164,68.80998992919922,27.31,5
-0.41708216071128845,-0.858607292175293,0.2967403829097748,-0.04865286871790886,3.651379346847534,68.80998992919922,27.31,5
-0.4132014513015747,-0.8588823080062866,0.29678860306739807,-0.19960366189479828,3.640671968460083,68.99270629882812,27.31,5
-0.41071105003356934,-0.8534610271453857,0.2968195676803589,-0.3537963926792145,3.633800506591797,69.1099624633789,27.31,5
-0.4091128408908844,-0.8555797338485718,0.2912416458129883,-0.538730263710022,3.6293909549713135,69.18521118164062,27.31,5
-0.41368499398231506,-0.8513416647911072,0.2932598292827606,-0.6896533370018005,3.626561164855957,69.2334976196289,27.31,5
-0.41102135181427,-0.8542196750640869,0.2945549786090851,-0.6539517641067505,3.6247451305389404,69.26448822021484,27.31,5
-0.4149097502231598,-0.8560665845870972,0.2953861355781555,-0.41608601808547974,3.623579740524292,69.28437805175781,27.31,5
-0.4118073284626007,-0.8572518229484558,0.2959195375442505,-0.15596021711826324,3.6228318214416504,69.2971420288086,27.31,5
-0.4098163843154907,-0.8580124378204346,0.29626184701919556,0.007390977349132299,3.622351884841919,69.30532836914062,27.31,5
-0.40853869915008545,-0.858500599861145,0.29648151993751526,0.18028931319713593,3.6110267639160156,69.31058502197266,27.31,5
-0.4077187478542328,-0.8532161116600037,0.29662248492240906,0.43813109397888184,3.6037588119506836,69.31395721435547,27.31,5
-0.40719255805015564,-0.8554225564002991,0.2967129647731781,0.6394248604774475,3.5990946292877197,69.31612396240234,27.31,5
-0.40685486793518066,-0.8512407541275024,0.29677101969718933,0.6790392398834229,3.5961015224456787,69.31751251220703,27.31,5
-0.41223594546318054,-0.8485571146011353,0.29121050238609314,0.6292273998260498,3.5941808223724365,69.31840515136719,27.31,5
-0.41009142994880676,-0.8524327278137207,0.28764209151268005,0.5865132808685303,3.5929481983184814,69.31897735595703,27.31,5
-0.40871521830558777,-0.8549198508262634,0.29094985127449036,0.6020927429199219,3.5921571254730225,69.31934356689453,27.31,5
-0.41342979669570923,-0.8565159440040588,0.29307258129119873,0.6980725526809692,3.5916495323181152,69.319580078125,27.31,5
-0.41085758805274963,-0.8575402498245239,0.2944348156452179,0.7489191293716431,3.5812246799468994,69.31973266601562,27.33,5
-0.40920689702033997,-0.8581975698471069,0.30090680718421936,0.5450995564460754,3.5745346546173096,69.31983184814453,27.33,5
-0.41374534368515015,-0.8586193919181824,0.30506014823913574,0.1097809448838234,3.5702414512634277,69.31989288330078,27.33,5
-0.41665786504745483,-0.8588901162147522,0.30212774872779846,-0.29497161507606506,3.56748628616333,69.31993103027344,27.33,5
-0.41852694749832153,-0.8590638041496277,0.30024591088294983,-0.5869616866111755,3.565718173980713,69.31995391845703,27.33,5
-0.4141286313533783,-0.8591752648353577,0.29903826117515564,-0.8209176063537598,3.5645835399627686,69.3199691772461,27.33,5
-0.4113060534000397,-0.8592468500137329,0.2982632517814636,-0.8635797500610352,3.5638554096221924,69.31997680664062,27.33,5
-0.40949469804763794,-0.8480972051620483,0.29216814041137695,-0.6401776075363159,3.5633881092071533,69.31998443603516,27.33,5
-0.4083322584629059,-0.8409420251846313,0.2882566452026367,-0.4036639928817749,3.548398494720459,69.31999206542969,27.33,5
-0.4131840467453003,-0.8475458025932312,0.2857464551925659,-0.2733786106109619,3.5387790203094482,69.31999206542969,27.33,5
-0.41629764437675476,-0.8461859226226807,0.2841355800628662,0.00010755266703199595,3.5326058864593506,69.31999206542969,27.33,5
-0.4182957708835602,-0.850911021232605,0.28869956731796265,0.4371432662010193,3.528644323348999,69.31999206542969,27.33,5
-0.41957804560661316,-0.8539432883262634,0.29162847995758057,0.7211902141571045,3.526102066040039,69.31999206542969,27.33,5
-0.4204009473323822,-0.8558892607688904,0.2935080826282501,0.7959979176521301,3.524470567703247,69.31999206542969,27.33,5
-0.42092904448509216,-0.8571380376815796,0.2947143018245697,0.8511703014373779,3.523423433303833,69.31999206542969,27.33,5
-0.42126792669296265,-0.8579394221305847,0.3010861575603485,0.8507510423660278,3.522751569747925,69.31999206542969,27.33,5
-0.41588765382766724,-0.8584537506103516,0.2995774745941162,0.7501698732376099,3.5126805305480957,69.39164733886719,27.33,5
-0.4124349057674408,-0.8587837815284729,0.29860928654670715,0.7680218815803528,3.5062174797058105,69.43762969970703,27.33,5
-0.41021910309791565,-0.8589956164360046,0.2979879677295685,0.944276750087738,3.5020697116851807,69.4671401977539,27.33,5
-0.40879714488983154,-0.8535337448120117,0.2975892424583435,0.9893180727958679,3.499408006668091,69.48607635498047,27.33,5
-0.4078845977783203,-0.8500286340713501,0.29733335971832275,0.7566949725151062,3.4976999759674072,69.49822998046875,27.33,5
-0.4128967523574829,-0.8477792739868164,0.29157137870788574,0.42469948530197144,3.4966037273406982,69.50602722167969,27.33,5
-0.4161132872104645,-0.846335768699646,0.29347145557403564,0.18656586110591888,3.4959001541137695,69.51103210449219,27.33,5
-0.41817745566368103,-0.8510071635246277,0.2946907877922058,0.04449314624071121,3.4954488277435303,69.51424407958984,27.33,5
-0.4195021390914917,-0.854004979133606,0.2954733073711395,-0.17565366625785828,3.4841418266296387,69.51630401611328,27.33,5
-0.4203522205352783,-0.8503310680389404,0.2959754765033722,-0.5784592032432556,3.4768857955932617,69.51762390136719,27.33,5
-0.42089778184890747,-0.8535711169242859,0.29629772901535034,-0.9480165243148804,3.472229242324829,69.51847076416016,27.33,5
-0.4156500995159149,-0.8500526547431946,0.29650452733039856,-0.9738051295280457,3.46924090385437,69.5190200805664,27.33,5
-0.41228243708610535,-0.8477946519851685,0.29663723707199097,-0.6786707043647766,3.467323064804077,69.51937103271484,27.33,5
-0.41012126207351685,-0.8519433736801147,0.3023201823234558,-0.3352196514606476,3.466092348098755,69.51959228515625,27.33,5
-0.40873435139656067,-0.8546057939529419,0.30036941170692444,-0.07898681610822678,3.4653027057647705,69.51973724365234,27.33,5
-0.40784430503845215,-0.8563144207000732,0.2991175055503845,0.08903125673532486,3.4647958278656006,69.51982879638672,27.33,5
-0.40727314352989197,-0.8574109077453613,0.2983141243457794,0.18610785901546478,3.455289602279663,69.51988983154297,27.31,5
-0.4069066047668457,-0.852516770362854,0.2977985441684723,0.316474974155426,3.4491889476776123,69.51992797851562,27.31,5
-0.4066713750362396,-0.8493760228157043,0.2974676787853241,0.6007612943649292,3.4452738761901855,69.51995086669922,27.31,5
-0.41211819648742676,-0.8473604321479797,0.29725533723831177,0.9300854802131653,3.4427614212036133,69.51996612548828,27.31,5
-0.41561365127563477,-0.8516647219657898,0.2971190810203552,1.0805230140686035,3.4411492347717285,69.51997375488281,27.31,5
-0.412259042263031,-0.8544269800186157,0.2970316410064697,0.9728583693504333,3.4401144981384277,69.51998138427734,27.31,5
-0.41010627150535583,-0.850601851940155,0.2969755232334137,0.6458199620246887,3.43945050239563,69.51998901367188,27.31,5
-0.40872472524642944,-0.8537449240684509,0.29693952202796936,0.24248646199703217,3.4390244483947754,69.51998901367188,27.31,5
-0.4078381359577179,-0.8557619452476501,0.2969163954257965,0.044554002583026886,3.4318652153015137,69.51998901367188,27.31,5
-0.4072691798210144,-0.8570563197135925,0.29690155386924744,0.14323461055755615,3.4272708892822266,69.51998901367188,27.31,5
-0.40690404176712036,-0.8578870296478271,0.3024898171424866,0.22089245915412903,3.4243223667144775,69.51998901367188,27.31,5
-0.4066697359085083,-0.8584201335906982,0.3004782795906067,0.041443947702646255,3.4224302768707275,69.51998901367188,27.31,5
-0.40651935338974,-0.8531644344329834,0.29918739199638367,-0.23134911060333252,3.4212160110473633,69.51998901367188,27.31,5
-0.40642285346984863,-0.8497916460037231,0.2983589470386505,-0.45656806230545044,3.4204368591308594,69.51998901367188,27.31,5
-0.406360924243927,-0.8532249331474304,0.2978273034095764,-0.6620043516159058,3.4199366569519043,69.51998901367188,27.31,5
-0.4063211977481842,-0.8498304486274719,0.2974861264228821,-0.7508506774902344,3.4196157455444336,69.51998901367188,27.31,5
-0.40629568696022034,-0.8476520776748657,0.29726719856262207,-0.5821648836135864,3.413442373275757,69.6167221069336,27.31,5
-0.4118770956993103,-0.8518518805503845,0.3027244508266449,-0.30553096532821655,3.409480571746826,69.67880249023438,27.31,5
-0.41545891761779785,-0.8545470833778381,0.30622661113739014,-0.09217748790979385,3.406938076019287,69.71864318847656,27.31,5
-0.4121597409248352,-0.861874520778656,0.3084740936756134,0.1307222992181778,3.405306577682495,69.74420928955078,27.31,5
-0.41564029455184937,-0.8553812503814697,0.3099164068698883,0.4134870171546936,3.404259443283081,69.76061248779297,27.31,5
-0.41787391901016235,-0.8512142896652222,0.31084200739860535,0.6630180478096008,3.403587579727173,69.7711410522461,27.31,5
-0.4137095510959625,-0.8485401272773743,0.3114359974861145,0.862561047077179,3.4031565189361572,69.77790069580078,27.31,5
-0.4110371172428131,-0.8524218201637268,0.3118171989917755,1.0336071252822876,3.4028797149658203,69.78223419189453,27.31,5
-0.4093220829963684,-0.8493150472640991,0.3064640462398529,1.0287322998046875,3.396275281906128,69.78501892089844,27.31,5
-0.41381925344467163,-0.8473213315010071,0.3030287027359009,0.7210849523544312,3.3920369148254395,69.78680419921875,27.31,5
-0.41670528054237366,-0.8460418581962585,0.3008241057395935,0.25496140122413635,3.389317035675049,69.78794860839844,27.31,5
-0.41855737566947937,-0.8452208042144775,0.29940930008888245,-0.10507360845804214,3.3875715732574463,69.78868103027344,27.31,5
-0.41974595189094543,-0.8446938991546631,0.2985013723373413,-0.24297641217708588,3.386451482772827,69.78915405273438,27.31,5
-0.4205087125301361,-0.8443557620048523,0.2979187071323395,-0.209666907787323,3.385732650756836,69.78945922851562,27.31,5
-0.4209981858730316,-0.8441387414932251,0.29754477739334106,-0.1023089736700058,3.3852713108062744,69.7896499633789,27.31,5
-0.4213123023509979,-0.843999445438385,0.29730483889579773,-0.019082529470324516,3.3849751949310303,69.7897720336914,27.31,5
-0.4215138852596283,-0.8439100980758667,0.2971508502960205,-0.06956727802753448,3.382030963897705,69.78985595703125,27.33,5
-0.41604548692703247,-0.8438527584075928,0.2970520257949829,-0.24526850879192352,3.380141496658325,69.78990936279297,27.33,5
-0.418133944272995,-0.8438159227371216,0.3025863766670227,-0.39743179082870483,3.3789288997650146,69.7899398803711,27.33,5
-0.4138764441013336,-0.8437923192977905,0.3061380088329315,-0.4305950403213501,3.378150701522827,69.78996276855469,27.33,5
-0.4111442267894745,-0.8437771797180176,0.3084172308444977,-0.4017212688922882,3.3776514530181885,69.78997802734375,27.33,5
-0.41498860716819763,-0.849365234375,0.3098798990249634,-0.43334779143333435,3.377331018447876,69.78998565673828,27.33,5
-0.4174557030200958,-0.8529512882232666,0.3108185827732086,-0.5324605107307434,3.3771252632141113,69.78999328613281,27.33,5
-0.41344118118286133,-0.8552526235580444,0.3114209771156311,-0.5387441515922546,3.376993179321289,69.78999328613281,27.33,5
-0.4108648896217346,-0.8511317372322083,0.3118075430393219,-0.24900542199611664,3.3732364177703857,69.78999328613281,27.33,5
-0.40921157598495483,-0.8484871983528137,0.3120556175708771,0.3166852295398712,3.3708255290985107,69.78999328613281,27.33,5
-0.4081505835056305,-0.846790075302124,0.31221482157707214,0.7979379296302795,3.3692784309387207,69.78999328613281,27.33,5
-0.4074696898460388,-0.8457009196281433,0.31231698393821716,0.8273372650146484,3.368285655975342,69.78999328613281,27.33,5
-0.41263049840927124,-0.8450019955635071,0.3123825490474701,0.49152910709381104,3.3676483631134033,69.78999328613281,27.33,5
-0.41594240069389343,-0.8445534706115723,0.3068268597126007,0.1936275064945221,3.367239475250244,69.78999328613281,27.33,5
-0.4180678129196167,-0.8442656397819519,0.30326151847839355,0.11351126432418823,3.3669769763946533,69.78999328613281,27.33,5
-0.41943177580833435,-0.844080924987793,0.300973504781723,0.13733136653900146,3.3668086528778076,69.78999328613281,27.33,5
-0.42030707001686096,-0.8439623713493347,0.29950517416000366,0.1741131842136383,3.3616509437561035,69.7505874633789,27.33,5
-0.42086878418922424,-0.8494840860366821,0.2985628843307495,0.2192130982875824,3.3583409786224365,69.72529602050781,27.33,5
-0.4212292730808258,-0.8474298119544983,0.2979581952095032,0.24099045991897583,3.3562169075012207,69.70906829833984,27.33,5
-0.4158628284931183,-0.8461114764213562,0.3031679093837738,0.22272273898124695,3.354853868484497,69.69865417480469,27.33,5
-0.4124189615249634,-0.8452654480934143,0.30091342329978943,0.20025184750556946,3.3539791107177734,69.69197082519531,27.33,5
-0.41020888090133667,-0.8447225093841553,0.3050644099712372,0.13925783336162567,3.3534176349639893,69.68768310546875,27.33,5
-0.41438835859298706,-0.8443741202354431,0.30213049054145813,-0.06110050529241562,3.353057384490967,69.68492889404297,27.33,5
-0.41147273778915405,-0.8441505432128906,0.3002476692199707,-0.39746835827827454,3.3528261184692383,69.68316650390625,27.33,5
-0.4096016585826874,-0.8496048450469971,0.3046371638774872,-0.6419904828071594,3.3535959720611572,69.6820297241211,27.33,5
-0.41399866342544556,-0.8531050682067871,0.30185630917549133,-0.5803735852241516,3.3540899753570557,69.68130493164062,27.33,5
-0.4168204069137573,-0.8553513288497925,0.30007171630859375,-0.2793034017086029,3.3544070720672607,69.68083953857422,27.33,5
-0.41863125562667847,-0.8511950373649597,0.2989264726638794,-0.018024958670139313,3.3546104431152344,69.6805419921875,27.33,5
-0.41979333758354187,-0.8485277891159058,0.30378928780555725,0.06366670876741409,3.354741096496582,69.68035125732422,27.33,5
-0.42053911089897156,-0.8468161225318909,0.3013121783733368,0.0659356564283371,3.3548247814178467,69.68022918701172,27.33,5
-0.42101770639419556,-0.8457176685333252,0.2997225224971771,0.09246976673603058,3.3548786640167236,69.68014526367188,27.33,5
-0.42132484912872314,-0.8506104946136475,0.2987023890018463,0.08800237625837326,3.3549132347106934,69.68009185791016,27.33,5
-0.41592416167259216,-0.853750467300415,0.2980477213859558,-0.022341806441545486,3.353558301925659,69.68006134033203,27.35,5
-0.4124583303928375,-0.8557655215263367,0.29762759804725647,-0.19346646964550018,3.352688789367676,69.68003845214844,27.35,5
-0.41023415327072144,-0.8570586442947388,0.297357976436615,-0.3319450318813324,3.352130651473999,69.68002319335938,27.35,5
-0.40880680084228516,-0.8522907495498657,0.29718494415283203,-0.35274365544319153,3.3517725467681885,69.68001556396484,27.35,5
-0.40789079666137695,-0.849230945110321,0.3026716709136963,-0.18696224689483643,3.3515427112579346,69.68000793457031,27.35,5
-0.40730297565460205,-0.8472673296928406,0.3005949556827545,0.06989488750696182,3.3513951301574707,69.68000793457031,27.35,5
-0.4125235080718994,-0.8516049981117249,0.29926225543022156,0.1953226923942566,3.3513004779815674,69.68000793457031,27.35,5
-0.4158737361431122,-0.8543886542320251,0.2984069883823395,0.15042488276958466,3.3512396812438965,69.68000793457031,27.35,5
-0.4180237352848053,-0.8505772948265076,0.2978581488132477,0.053543128073215485,3.347069263458252,69.68000793457031,27.35,5
-0.4194034934043884,-0.8537291288375854,0.2975059151649475,-0.05520348995923996,3.344393014907837,69.68000793457031,27.35,5
-0.42028892040252686,-0.8501540422439575,0.29727989435195923,-0.13215596973896027,3.3426754474639893,69.68000793457031,27.35,5
-0.42085713148117065,-0.8478597402572632,0.2971348464488983,-0.03465403616428375,3.3415732383728027,69.68000793457031,27.35,5
-0.4212217926979065,-0.8519851565361023,0.30263951420783997,0.19629815220832825,3.3408658504486084,69.68000793457031,27.35,5
-0.4214558005332947,-0.8546326160430908,0.30057433247566223,0.2656933069229126,3.340411901473999,69.68000793457031,27.35,5
-0.4216059744358063,-0.8563315868377686,0.2992490231990814,0.0415339432656765,3.340120553970337,69.68000793457031,27.35,5
-0.4217023551464081,-0.851824164390564,0.29839852452278137,-0.20263074338436127,3.3399336338043213,69.68000793457031,27.35,5
-0.41616642475128174,-0.8489315509796143,0.2978527247905731,-0.20885340869426727,3.337977647781372,69.65850830078125,27.35,5
-0.41261377930641174,-0.8470752239227295,0.29750245809555054,-0.09462176263332367,3.3367223739624023,69.64471435546875,27.35,5
-0.41033390164375305,-0.8458839654922485,0.29727765917778015,-0.046392496675252914,3.3359169960021973,69.6358642578125,27.35,5
-0.4088708162307739,-0.8507172465324402,0.2971334159374237,0.05620977655053139,3.335400104522705,69.63018035888672,27.35,5
-0.4079318940639496,-0.853818953037262,0.2970408499240875,0.3298434019088745,3.335068464279175,69.62653350830078,27.35,5
-0.40732935070991516,-0.8558094501495361,0.29698142409324646,0.5699320435523987,3.334855556488037,69.62419128417969,27.35,5
-0.4125404357910156,-0.8570868372917175,0.2969433069229126,0.5771215558052063,3.334718942642212,69.62268829345703,27.35,5
-0.4158846139907837,-0.8579065799713135,0.2969188392162323,0.43843233585357666,3.3346312046051025,69.6217269897461,27.35,5
-0.418030709028244,-0.8584326505661011,0.296903133392334,0.28852578997612,3.3327383995056152,69.62110900878906,27.35,5
-0.41381019353866577,-0.8531724810600281,0.30249083042144775,0.10276000946760178,3.331523895263672,69.62071228027344,27.35,5
-0.41110169887542725,-0.8497968316078186,0.30047890543937683,-0.1490090936422348,3.330744504928589,69.6204605102539,27.35,5
-0.4093635380268097,-0.8532282710075378,0.2991877794265747,-0.37148377299308777,3.330244302749634,69.62030029296875,27.35,5
-0.41384586691856384,-0.8554303646087646,0.298359215259552,-0.49634236097335815,3.329923152923584,69.62019348144531,27.35,5
-0.411124587059021,-0.8568435311317444,0.29782748222351074,-0.6266254782676697,3.3297171592712402,69.62012481689453,27.35,5
-0.4093782305717468,-0.8521526455879211,0.29748624563217163,-0.8642843961715698,3.329584836959839,69.62007904052734,27.35,5
-0.41385528445243835,-0.8547400832176208,0.29726725816726685,-0.9702267646789551,3.3294999599456787,69.62004852294922,27.35,5
-0.4167284071445465,-0.8508027791976929,0.29712674021720886,-0.665626585483551,3.326691150665283,69.62003326416016,27.31,5
-0.41857221722602844,-0.8538738489151001,0.3026343286037445,-0.1692153960466385,3.3248887062072754,69.62002563476562,27.31,5
-0.4197554588317871,-0.8558446764945984,0.306168794631958,0.0991966724395752,3.3237318992614746,69.6200180053711,27.31,5
-0.4205147922039032,-0.8571094274520874,0.3084369897842407,0.15680567920207977,3.3229897022247314,69.62001037597656,27.31,5
-0.4154043197631836,-0.8579210638999939,0.30989259481430054,0.2725924849510193,3.3225133419036865,69.62001037597656,27.31,5
-0.4177224934101105,-0.858441948890686,0.30522894859313965,0.3791409730911255,3.3222076892852783,69.62001037597656,27.31,5
-0.41361239552497864,-0.8531784415245056,0.30223608016967773,0.3113797903060913,3.3220114707946777,69.62001037597656,27.31,5
-0.41097477078437805,-0.8498006463050842,0.3003154397010803,0.2607294023036957,3.321885585784912,69.62001037597656,27.31,5
-0.4092820882797241,-0.8476329445838928,0.29908287525177,0.3679453432559967,3.320427656173706,69.62001037597656,27.31,5
-0.4137935936450958,-0.84624183177948,0.2982918918132782,0.4152549207210541,3.3194921016693115,69.62001037597656,27.31,5
-0.41109102964401245,-0.845349133014679,0.2977842688560486,0.3309730589389801,3.3188915252685547,69.62001037597656,27.31,5
-0.41495445370674133,-0.8503739833831787,0.2974585294723511,0.30196383595466614,3.3185062408447266,69.62001037597656,27.31,5
-0.41743379831314087,-0.8535986542701721,0.2972494661808014,0.2511042058467865,3.3182590007781982,69.62001037597656,27.31,5
-0.41342711448669434,-0.8556680679321289,0.297115296125412,0.02858891524374485,3.3181002140045166,69.62001037597656,27.31,5
-0.41085585951805115,-0.8513983488082886,0.29702919721603394,-0.139286607503891,3.3179984092712402,69.62001037597656,27.31,5
-0.40920576453208923,-0.8486582636833191,0.29697394371032715,-0.132377028465271,3.3179330825805664,69.62001037597656,27.31,5
-0.40814682841300964,-0.8468998670578003,0.302536278963089,-0.2175072580575943,3.3261539936065674,69.60926055908203,27.31,5
-0.4074672758579254,-0.8457714319229126,0.3061058521270752,-0.49067607522010803,3.3314297199249268,69.60235595703125,27.31,5
-0.40703117847442627,-0.8506450057029724,0.3083966076374054,-0.6874755024909973,3.334815263748169,69.59793090820312,27.31,5
-0.41234907507896423,-0.8537725806236267,0.30986666679382324,-0.6238935589790344,3.3369879722595215,69.59508514404297,27.31,5
-0.4101640284061432,-0.8501819372177124,0.3052122890949249,-0.37530094385147095,3.3383822441101074,69.59326171875,27.31,5
-0.40876179933547974,-0.8534753918647766,0.30222538113594055,-0.122621551156044,3.3392770290374756,69.59209442138672,27.31,5
-0.4078619182109833,-0.8499912023544312,0.30030855536460876,0.028785813599824905,3.3398513793945312,69.59133911132812,27.31,5
-0.4072844386100769,-0.8477552533149719,0.29907846450805664,0.1796889752149582,3.3402199745178223,69.59085845947266,27.31,5
-0.4069138467311859,-0.85191810131073,0.29828906059265137,0.4664064645767212,3.3427517414093018,69.5905532836914,27.31,5
-0.4066760241985321,-0.8489918112754822,0.29778245091438293,0.7901256680488586,3.344376564025879,69.5903549194336,27.31,5
-0.4065234065055847,-0.8471139073371887,0.29745733737945557,0.9477139711380005,3.34541916847229,69.59022521972656,27.31,5
-0.40642544627189636,-0.8459087610244751,0.2972487211227417,0.9234549403190613,3.346088409423828,69.59014129638672,27.31,5
-0.4063625931739807,-0.8451353907585144,0.2971148192882538,0.7968270182609558,3.34651780128479,69.590087890625,27.31,5
-0.40632227063179016,-0.8446390628814697,0.29702889919281006,0.5973395109176636,3.3467934131622314,69.59005737304688,27.31,5
-0.41189414262771606,-0.8499183058738708,0.2969737648963928,0.41916388273239136,3.346970319747925,69.59003448486328,27.31,5
-0.4098720848560333,-0.8477084636688232,0.29693838953971863,0.4230459928512573,3.347083806991577,69.59001922607422,27.31,5
-0.4085744321346283,-0.8518880605697632,0.2969156801700592,0.550927460193634,3.3719451427459717,69.59001159667969,27.33,5
-0.4133394658565521,-0.8545703291893005,0.2969011068344116,0.5040217041969299,3.387899875640869,69.59000396728516,27.33,5
-0.41079962253570557,-0.856291651725769,0.2968917489051819,0.19089682400226593,3.3981385231018066,69.59000396728516,27.33,5
-0.40916967391967773,-0.8573963046073914,0.29688575863838196,-0.12469112128019333,3.4047091007232666,69.59000396728516,27.33,5
-0.4081236720085144,-0.8581051826477051,0.29688191413879395,-0.23048774898052216,3.408925771713257,69.59000396728516,27.33,5
-0.41305017471313477,-0.8585600852966309,0.29687944054603577,-0.2697213292121887,3.4116318225860596,69.59000396728516,27.33,5
-0.4106139540672302,-0.8588520288467407,0.2968778610229492,-0.47402796149253845,3.4133684635162354,69.59000396728516,27.33,5
-0.40905052423477173,-0.8590393662452698,0.29687684774398804,-0.7233651876449585,3.414482831954956,69.59000396728516,27.33,5
-0.40804722905158997,-0.8535618185997009,0.2968761920928955,-0.7400724291801453,3.4505443572998047,69.59000396728516,27.33,5
-0.4074033498764038,-0.8556444644927979,0.2968757748603821,-0.5824131369590759,3.473686695098877,69.59000396728516,27.33,5
-0.4069901406764984,-0.8569809794425964,0.2968755066394806,-0.5242273807525635,3.4885380268096924,69.59000396728516,27.33,5
-0.4067249894142151,-0.8578386306762695,0.29687532782554626,-0.580034077167511,3.4980688095092773,69.59000396728516,27.33,5
-0.40655481815338135,-0.8583890199661255,0.2968752086162567,-0.5692741274833679,3.5041849613189697,69.59000396728516,27.33,5
-0.41204339265823364,-0.8587422370910645,0.29687511920928955,-0.44772660732269287,3.5081100463867188,69.59000396728516,27.33,5
-0.4099678695201874,-0.8589689135551453,0.29687508940696716,-0.2694122791290283,3.5106289386749268,69.59000396728516,27.33,5
-0.4086359143257141,-0.859114408493042,0.2968750596046448,-0.054668281227350235,3.5122454166412354,69.59000396728516,27.33,5
-0.4077811539173126,-0.8592077493667603,0.2968750298023224,0.1906193196773529,3.540825605392456,69.5577621459961,27.33,5
-0.4072326123714447,-0.8536698818206787,0.2968750298023224,0.4089345633983612,3.559166669845581,69.53707122802734,27.33,5
-0.40688058733940125,-0.8557137846946716,0.2968750298023224,0.5024632215499878,3.570936918258667,69.52378845214844,27.33,5
-0.4066546857357025,-0.8570254445075989,0.2968750298023224,0.4585898518562317,3.5784904956817627,69.51526641845703,27.33,5
-0.4065096974372864,-0.8578671813011169,0.2968750298023224,0.42685186862945557,3.5833377838134766,69.50979614257812,27.33,5
-0.406416654586792,-0.8584073781967163,0.2968750298023224,0.44231000542640686,3.5864486694335938,69.50628662109375,27.33,5
-0.40635696053504944,-0.85875403881073,0.2968750298023224,0.32684001326560974,3.588444948196411,69.50403594970703,27.33,5
-0.40631863474845886,-0.8589764833450317,0.2968750298023224,0.052113790065050125,3.589726209640503,69.5025863647461,27.33,5
-0.406294047832489,-0.8591192364692688,0.2968750298023224,-0.2137540727853775,3.611205577850342,69.50166320800781,27.33,5
-0.40627825260162354,-0.8592108488082886,0.2968750298023224,-0.38795536756515503,3.6249897480010986,69.50106811523438,27.33,5
-0.4062681198120117,-0.8592696785926819,0.2968750298023224,-0.42093104124069214,3.633835554122925,69.50068664550781,27.33,5
-0.4062616229057312,-0.8593074083328247,0.2968750298023224,-0.23788614571094513,3.639512300491333,69.50044250488281,27.33,5
-0.4062574505805969,-0.8593316078186035,0.2968750298023224,-0.034436628222465515,3.643155336380005,69.50028228759766,27.33,5
-0.40625476837158203,-0.8593471646308899,0.2968750298023224,-0.11882898956537247,3.645493268966675,69.50018310546875,27.33,5
-0.40625306963920593,-0.8593571186065674,0.2968750298023224,-0.39510682225227356,3.646993637084961,69.50011444091797,27.33,5
-0.4062519669532776,-0.8537657260894775,0.3024728000164032,-0.5401628613471985,3.647956371307373,69.50007629394531,27.33,5
-0.4062512516975403,-0.8557752966880798,0.2948695719242096,-0.5257742404937744,3.6614274978637695,69.50004577636719,27.33,5
-0.4118485748767853,-0.8570649027824402,0.28999024629592896,-0.43055859208106995,3.670072555541992,69.50003051757812,27.33,5
-0.4042450785636902,-0.8578925132751465,0.2924567759037018,-0.14016985893249512,3.6756203174591064,69.5000228881836,27.33,5
-0.3993655741214752,-0.85842365026474,0.29403963685035706,0.3112955093383789,3.67918062210083,69.50001525878906,27.33,5
-0.4074297547340393,-0.8587644696235657,0.28945764899253845,0.4899601638317108,3.6814653873443604,69.50000762939453,27.33,5
-0.4014093279838562,-0.8589832186698914,0.2921149730682373,0.16037748754024506,3.682931661605835,69.50000762939453,27.33,5
-0.4031435251235962,-0.8591235876083374,0.2938202917575836,-0.2696668207645416,3.683872699737549,69.50000762939453,27.33,5
-0.4042564332485199,-0.859213650226593,0.2949146628379822,-0.3342725336551666,3.684476613998413,69.50000762939453,27.33,5
-0.404970645904541,-0.8592714667320251,0.2956169545650482,-0.12136992067098618,3.6894547939300537,69.50000762939453,27.33,5
-0.4054289758205414,-0.8593085408210754,0.29606765508651733,-0.006236718036234379,3.6926493644714355,69.50000762939453,27.33,5
-0.40572312474250793,-0.8593323230743408,0.2963568866252899,-0.07207130640745163,3.69469952583313,69.50000762939453,27.33,5
-0.4059118926525116,-0.8593476414680481,0.2965424954891205,-0.089242123067379,3.6960151195526123,69.50000762939453,27.33,5
-0.4060330092906952,-0.8593574166297913,0.2910638451576233,0.10394543409347534,3.696859359741211,69.50000762939453,27.33,5
-0.4061107337474823,-0.8593637347221375,0.2931457459926605,0.38913798332214355,3.697401285171509,69.50000762939453,27.33,5
-0.4061606228351593,-0.8593677878379822,0.2944817841053009,0.5829058885574341,3.697748899459839,69.50000762939453,27.33,5
-0.4061926305294037,-0.8593703508377075,0.2953391671180725,0.6714292168617249,3.697972059249878,69.50000762939453,27.33,5
-0.4062131941318512,-0.8593720197677612,0.29588937759399414,0.6709172129631042,3.7013285160064697,69.4068603515625,27.33,5
-0.40622636675834656,-0.8593730926513672,0.29624247550964355,0.505790114402771,3.7034826278686523,69.34708404541016,27.33,5
-0.40623483061790466,-0.8593737483024597,0.2964690923690796,0.20994456112384796,3.704864978790283,69.3087158203125,27.33,5
-0.4062402546405792,-0.8593742251396179,0.29661449790000916,0.012922757305204868,3.70575213432312,69.28409576416016,27.33,5
-0.4062437415122986,-0.8593745231628418,0.2967078387737274,-0.0024546452332288027,3.7063212394714355,69.26829528808594,27.33,5
-0.40624597668647766,-0.8537769317626953,0.2967677116394043,-0.0768093392252922,3.706686496734619,69.2581558227539,27.33,5
-0.40624740719795227,-0.8557825088500977,0.2968061566352844,-0.3681410253047943,3.706920862197876,69.25164794921875,27.33,5
-0.4062483310699463,-0.8570695519447327,0.29683083295822144,-0.5945092439651489,3.707071304321289,69.24747467041016,27.33,5
-0.40624892711639404,-0.8578954935073853,0.2968466579914093,-0.4675036370754242,3.7016594409942627,69.24479675292969,27.33,5
-0.4062493145465851,-0.8584255576133728,0.2912590503692627,-0.20328737795352936,3.6981863975524902,69.24308013916016,27.33,5
-0.4062495529651642,-0.858765721321106,0.293271005153656,-0.13045813143253326,3.695957660675049,69.24197387695312,27.33,5
-0.4062497019767761,-0.8589839935302734,0.2945621609687805,-0.15895460546016693,3.6945273876190186,69.24126434326172,27.33,5
-0.4062498211860657,-0.8591240644454956,0.2953907549381256,-0.08051246404647827,3.6936094760894775,69.24081420898438,27.33,5
-0.40624988079071045,-0.8592139482498169,0.29592248797416687,0.10238248854875565,3.6930203437805176,69.24052429199219,27.33,5
-0.40624991059303284,-0.8592716455459595,0.296263724565506,0.36663952469825745,3.6926422119140625,69.2403335571289,27.33,5
-0.4062499403953552,-0.859308660030365,0.29648271203041077,0.6222063302993774,3.692399740219116,69.2402114868164,27.33,5
-0.4062499701976776,-0.8593324422836304,0.29662325978279114,0.6178333163261414,3.6867353916168213,69.2401351928711,27.33,5
-0.4062499701976776,-0.8593477010726929,0.2967134416103363,0.271099716424942,3.683100461959839,69.2400894165039,27.33,5
-0.4062499701976776,-0.859357476234436,0.2967713177204132,-0.1377078741788864,3.680767774581909,69.24005889892578,27.33,5
-0.4062499701976776,-0.8593637347221375,0.2968084514141083,-0.349901020526886,3.6792707443237305,69.24003601074219,27.33,5
-0.4062499701976776,-0.8593677878379822,0.29683229327201843,-0.3857622444629669,3.678309917449951,69.24002075195312,27.33,5
-0.4062499701976776,-0.8593703508377075,0.2968475818634033,-0.4195236265659332,3.6776933670043945,69.2400131225586,27.33,5
-0.4062499701976776,-0.864969789981842,0.29685741662979126,-0.49492838978767395,3.677297830581665,69.24000549316406,27.33,5
-0.4062499701976776,-0.8629654049873352,0.29686370491981506,-0.49316275119781494,3.677043914794922,69.24000549316406,27.33,5
-0.4006521999835968,-0.8616791367530823,0.2968677580356598,-0.3343963623046875,3.6699953079223633,69.24000549316406,27.33,5
-0.3970598876476288,-0.8608536720275879,0.2968703508377075,-0.09637132287025452,3.6654717922210693,69.24000549316406,27.33,5
-0.4003523290157318,-0.8603239059448242,0.30246978998184204,0.10653548687696457,3.6625688076019287,69.24000549316406,27.33,5
-0.40246522426605225,-0.8599839806556702,0.3004654049873352,0.15793272852897644,3.660705804824829,69.24000549316406,27.33,5
-0.4038211405277252,-0.8597658276557922,0.3047768771648407,0.03328320011496544,3.659510374069214,69.24000549316406,27.33,5
-0.40469130873680115,-0.8596258163452148,0.3019459843635559,-0.09686575829982758,3.658743143081665,69.24000549316406,27.33,5
-0.4052497148513794,-0.8595359325408936,0.3001292645931244,-0.05141514167189598,3.6582508087158203,69.24000549316406,27.33,5
-0.40560808777809143,-0.8594782948493958,0.29336562752723694,0.04940395802259445,3.6579349040985107,69.24000549316406,27.33,5
-0.4058380722999573,-0.8594412803649902,0.29462289810180664,0.0317046158015728,3.6476333141326904,69.64483642578125,27.33,5
-0.40598565340042114,-0.8538197875022888,0.2954297363758087,0.006015896797180176,3.641022205352783,69.90463256835938,27.33,5
-0.4004825949668884,-0.8558099865913391,0.29594752192497253,0.1543288230895996,3.636779546737671,70.07135772705078,27.33,5
-0.40254881978034973,-0.8570871949195862,0.29627978801727295,0.407140851020813,3.63405704498291,70.17835235595703,27.33,5
-0.40387478470802307,-0.8579068183898926,0.2964930236339569,0.5335553288459778,3.632309675216675,70.24700927734375,27.33,5
-0.40472573041915894,-0.8584328293800354,0.2966298758983612,0.428386926651001,3.63118839263916,70.29106903076172,27.33,5
-0.4052717983722687,-0.8587703704833984,0.30231547355651855,0.22475801408290863,3.6304688453674316,70.31935119628906,27.33,5
-0.4056222438812256,-0.8589869737625122,0.3003663718700409,0.08691555261611938,3.630007028579712,70.33749389648438,27.33,5
-0.40584713220596313,-0.8591259717941284,0.2991155683994293,-0.04095214605331421,3.6177754402160645,70.3491439819336,27.33,5
-0.40039369463920593,-0.8536174297332764,0.29831287264823914,-0.30572161078453064,3.6099257469177246,70.35661315917969,27.33,5
-0.3968939781188965,-0.8556801080703735,0.2977977395057678,-0.6798422336578369,3.604888439178467,70.36141204833984,27.33,5
-0.4002458453178406,-0.8570038080215454,0.2974671721458435,-0.9736699461936951,3.6016557216644287,70.36448669433594,27.33,5
-0.40239688754081726,-0.8578532934188843,0.2972550094127655,-1.0296763181686401,3.599581241607666,70.36646270751953,27.33,5
-0.4037773013114929,-0.8583984375,0.2971188724040985,-0.8470809459686279,3.598249912261963,70.36772918701172,27.33,5
-0.40466317534446716,-0.8587483167648315,0.2970314919948578,-0.6080941557884216,3.597395420074463,70.36854553222656,27.33,5
-0.40523165464401245,-0.8589728474617004,0.29697543382644653,-0.49771711230278015,3.5968470573425293,70.36906433105469,27.33,5
-0.4055964946746826,-0.8591169118881226,0.2969394624233246,-0.41971832513809204,3.587773561477661,70.36940002441406,27.35,5
-0.40583062171936035,-0.8592093586921692,0.2969163656234741,-0.08663970977067947,3.5819506645202637,70.36961364746094,27.35,5
-0.4059808552265167,-0.8592687249183655,0.30249932408332825,0.5176117420196533,3.578213930130005,70.3697509765625,27.35,5
-0.4060772657394409,-0.859306812286377,0.3004843592643738,1.0379408597946167,3.5758159160614014,70.36984252929688,27.35,5
-0.4061391353607178,-0.8593312501907349,0.30478906631469727,1.171233892440796,3.574276924133301,70.36990356445312,27.35,5
-0.40617886185646057,-0.85374915599823,0.3019537925720215,0.9558373093605042,3.573289155960083,70.36994171142578,27.35,5
-0.40620434284210205,-0.8501668572425842,0.3001342713832855,0.6420619487762451,3.572655439376831,70.36996459960938,27.35,5
-0.4006229341030121,-0.853465735912323,0.2989666163921356,0.5016027688980103,3.572248697280884,70.36997985839844,27.35,5
-0.40263888239860535,-0.8499850034713745,0.2926194965839386,0.637166440486908,3.5595932006835938,70.36998748779297,27.35,5
-0.3983348309993744,-0.8533490300178528,0.28854629397392273,0.8244755268096924,3.551471710205078,70.3699951171875,27.35,5
-0.4011704921722412,-0.8555078506469727,0.2915301024913788,0.7082297205924988,3.546259880065918,70.3699951171875,27.35,5
-0.4029902517795563,-0.8568933010101318,0.293444961309433,0.2789548337459564,3.542915105819702,70.3699951171875,27.35,5
-0.4041580855846405,-0.8521845936775208,0.2946738004684448,-0.06818055361509323,3.540768623352051,70.3699951171875,27.35,5
-0.4049075245857239,-0.8547605872154236,0.30106016993522644,-0.03300662711262703,3.539391279220581,70.3699951171875,27.35,5
-0.4053884744644165,-0.856413722038269,0.3051585853099823,0.19735535979270935,3.5385072231292725,70.3699951171875,27.35,5
-0.40569713711738586,-0.8574746251106262,0.3077886998653412,0.25204145908355713,3.53794002532959,70.3699951171875,27.35,5
-0.4058952033519745,-0.8581554293632507,0.3094765543937683,0.02919040061533451,3.528394937515259,70.78199005126953,27.35,5
-0.406022310256958,-0.8585923314094543,0.3105597198009491,-0.37535062432289124,3.5222694873809814,71.04638671875,27.35,5
-0.40610387921333313,-0.8588727116584778,0.3056570589542389,-0.8714117407798767,3.518338441848755,71.216064453125,27.35,5
-0.4061562418937683,-0.8590526580810547,0.3025108277797699,-1.257824182510376,3.5158157348632812,71.324951171875,27.35,5
-0.40618982911109924,-0.8591681122779846,0.30608952045440674,-1.2800991535186768,3.5141968727111816,71.39482879638672,27.35,5
-0.40621137619018555,-0.8592422604560852,0.3027883470058441,-0.9612144231796265,3.513158082962036,71.4396743774414,27.35,5
-0.40622520446777344,-0.859289824962616,0.3006698489189148,-0.5881914496421814,3.512491226196289,71.46845245361328,27.35,5
-0.40623408555984497,-0.859320342540741,0.2993103265762329,-0.3595545291900635,3.5120632648468018,71.4869155883789,27.35,5
-0.406239777803421,-0.8593399524688721,0.29843786358833313,-0.21282851696014404,3.501689910888672,71.49876403808594,27.35,5
-0.4006456732749939,-0.8593525290489197,0.2978779673576355,0.06404314190149307,3.495032787322998,71.5063705444336,27.35,5
-0.40265345573425293,-0.8593605756759644,0.30311641097068787,0.5211643576622009,3.490760564804077,71.5112533569336,27.35,5
-0.40394195914268494,-0.8593657612800598,0.3008803725242615,0.9184131026268005,3.4880189895629883,71.51438903808594,27.35,5
-0.40476882457733154,-0.8593690991401672,0.30504319071769714,1.055119514465332,3.486259698867798,71.51639556884766,27.35,5
-0.40529945492744446,-0.8593711853027344,0.30771464109420776,0.9995467662811279,3.485130548477173,71.51768493652344,27.35,5
-0.40564000606536865,-0.8593725562095642,0.3038312494754791,0.8528235554695129,3.484405994415283,71.51851654052734,27.35,5
-0.4058585464954376,-0.8593734502792358,0.30133911967277527,0.6296923160552979,3.483941078186035,71.51905059814453,27.35,5
-0.4059987962245941,-0.8593739867210388,0.299739807844162,0.39335256814956665,3.473543643951416,71.5193862915039,27.31,5
-0.40608879923820496,-0.8593743443489075,0.29871347546577454,0.2560136020183563,3.4668712615966797,71.51960754394531,27.31,5
-0.4061465561389923,-0.8593745827674866,0.2980548143386841,0.2323637306690216,3.4625892639160156,71.51974487304688,27.31,5
-0.4061836302280426,-0.8593747615814209,0.2976321280002594,0.19569115340709686,3.459841251373291,71.51983642578125,27.31,5
-0.4006096422672272,-0.8593748211860657,0.3029586672782898,0.0431840755045414,3.458077907562256,71.5198974609375,27.31,5
-0.4026303291320801,-0.8593748807907104,0.3007791340351105,-0.08692935854196548,3.4569461345672607,71.51993560791016,27.31,5
-0.40392711758613586,-0.8537771701812744,0.29938045144081116,-0.045038532465696335,3.4562199115753174,71.51995849609375,27.31,5
-0.39916154742240906,-0.8501848578453064,0.29848286509513855,-0.02173798717558384,3.455753803253174,71.51997375488281,27.31,5
-0.40170103311538696,-0.8534772992134094,0.2979068458080292,-0.25756531953811646,3.449946165084839,71.51998138427734,27.31,5
-0.4033307433128357,-0.8555902242660522,0.2975371778011322,-0.5378784537315369,3.4462192058563232,71.51998901367188,27.31,5
-0.4043765962123871,-0.8513484001159668,0.29729995131492615,-0.5422210693359375,3.4438273906707764,71.51998901367188,27.31,5
-0.3994499742984772,-0.8542239665985107,0.3027454912662506,-0.4339480996131897,3.4422924518585205,71.51998901367188,27.31,5
-0.40188613533973694,-0.8560693860054016,0.30064234137535095,-0.5830018520355225,3.441307544708252,71.51998901367188,27.31,5
-0.40344953536987305,-0.8572536706924438,0.299292653799057,-0.9401839971542358,3.4406754970550537,71.51998901367188,27.31,5
-0.398855060338974,-0.8580136299133301,0.2984265089035034,-1.0870037078857422,3.440269708633423,71.51998901367188,27.31,5
-0.39590656757354736,-0.8585013747215271,0.2978706657886505,-0.8050537109375,3.440009355545044,71.51998901367188,27.31,5
-0.3996121883392334,-0.8588143587112427,0.2975139617919922,-0.3804992735385895,3.435251474380493,71.91407775878906,27.31,5
-0.40199023485183716,-0.8590152263641357,0.2972850501537323,-0.20477420091629028,3.4321982860565186,72.16697692871094,27.31,5
-0.40351632237434387,-0.8591440916061401,0.29713815450668335,-0.26038503646850586,3.430238962173462,72.32927703857422,27.31,5
-0.4044956862926483,-0.8592268228530884,0.29704388976097107,-0.3283160328865051,3.4289815425872803,72.43343353271484,27.31,5
-0.4051241874694824,-0.8592799305915833,0.29698339104652405,-0.37549281120300293,3.4281744956970215,72.50027465820312,27.31,5
-0.4055275321006775,-0.85931396484375,0.2969445586204529,-0.45234161615371704,3.427656650543213,72.54316711425781,27.31,5
-0.4057863652706146,-0.8593358397483826,0.29691964387893677,-0.4801633059978485,3.4273242950439453,72.57069396972656,27.31,5
-0.40595245361328125,-0.8593498468399048,0.3025014102458954,-0.39412298798561096,3.4271109104156494,72.5883560180664,27.31,5
-0.40605905652046204,-0.8593588471412659,0.30608347058296204,-0.24576029181480408,3.420088291168213,72.59969329833984,27.31,5
-0.4061274528503418,-0.8593646287918091,0.3027844727039337,-0.10755874216556549,3.415581703186035,72.60697174072266,27.31,5
-0.40617135167121887,-0.8593683242797852,0.30066734552383423,-0.0618598610162735,3.412689685821533,72.61164093017578,27.31,5
-0.40619951486587524,-0.8593707084655762,0.299308717250824,-0.1471753716468811,3.4108335971832275,72.61463928222656,27.31,5
-0.4062176048755646,-0.8537744879722595,0.29843682050704956,-0.2807426154613495,3.409642457962036,72.61656188964844,27.31,5
-0.4062291979789734,-0.8557808995246887,0.2978772819042206,-0.41303184628486633,3.4088780879974365,72.6177978515625,27.31,5
-0.4062366485595703,-0.8514707684516907,0.29751819372177124,-0.569579005241394,3.4083876609802246,72.61859130859375,27.31,5
-0.40624141693115234,-0.8543025255203247,0.2972877621650696,-0.6198858618736267,3.4080729484558105,72.61909484863281,27.31,5
-0.4062444865703583,-0.8561197519302368,0.30273765325546265,-0.36556389927864075,3.40557599067688,72.61942291259766,27.33,5
-0.40624645352363586,-0.8572859764099121,0.30063730478286743,0.09858167916536331,3.4039735794067383,72.61962890625,27.33,5
-0.40624773502349854,-0.8580343723297119,0.29928943514823914,0.4967557191848755,3.4029452800750732,72.61976623535156,27.33,5
-0.4006507694721222,-0.858514666557312,0.3040222227573395,0.7486982941627502,3.40228533744812,72.6198501586914,27.33,5
-0.39705896377563477,-0.8588228821754456,0.30146166682243347,0.9497888684272766,3.4018616676330566,72.61990356445312,27.33,5
-0.39475393295288086,-0.8590207099914551,0.3054162263870239,1.0967501401901245,3.401589870452881,72.61994171142578,27.33,5
-0.3988724946975708,-0.8591476082801819,0.3023562729358673,1.1086621284484863,3.4014153480529785,72.61996459960938,27.33,5
-0.40151554346084595,-0.8592290878295898,0.3003925681114197,0.9837512969970703,3.40130352973938,72.61997985839844,27.33,5
-0.40321171283721924,-0.8592813611030579,0.299132376909256,0.7996960282325745,3.3980181217193604,72.61998748779297,27.33,5
-0.4043002128601074,-0.8593149185180664,0.2983236610889435,0.6206761598587036,3.3959097862243652,72.6199951171875,27.33,5
-0.4049987494945526,-0.8593364357948303,0.29780465364456177,0.4377225637435913,3.394556760787964,72.6199951171875,27.33,5
-0.40544700622558594,-0.8593502640724182,0.2974716126918793,0.2665748596191406,3.393688440322876,72.6199951171875,27.33,5
-0.40013691782951355,-0.8593591451644897,0.2972578704357147,0.19615042209625244,3.3931312561035156,72.6199951171875,27.33,5
-0.3967292010784149,-0.8593648076057434,0.29712069034576416,0.17961668968200684,3.3927736282348633,72.6199951171875,27.33,5
-0.40014010667800903,-0.8593684434890747,0.2970326840877533,0.02212068997323513,3.3925440311431885,72.6199951171875,27.33,5
-0.4023290276527405,-0.859370768070221,0.2969761788845062,-0.3476443588733673,3.3923966884613037,72.6199951171875,27.33,5
-0.4037337601184845,-0.8593722581863403,0.3025377094745636,-0.760484516620636,3.3872528076171875,73.02841186523438,27.33,5
-0.4046352207660675,-0.8593732118606567,0.3061067759990692,-1.0254215002059937,3.3839519023895264,73.29051208496094,27.33,5
-0.40521371364593506,-0.8593738675117493,0.30279943346977234,-1.0628875494003296,3.381833553314209,73.45870971679688,27.33,5
-0.39998719096183777,-0.8593742847442627,0.30067697167396545,-0.8719765543937683,3.380474090576172,73.566650390625,27.33,5
-0.4022308886051178,-0.8593745231628418,0.2993148863315582,-0.48793286085128784,3.3796017169952393,73.63591766357422,27.33,5
-0.4036707580089569,-0.8593747019767761,0.2984407842159271,-0.0515991747379303,3.379041910171509,73.68037414550781,27.33,5
-0.4045947790145874,-0.8593748211860657,0.30347761511802673,0.22483205795288086,3.3786826133728027,73.70890045166016,27.33,5
-0.40518778562545776,-0.8593748807907104,0.3067099452018738,0.2983350157737732,3.3784520626068115,73.72721099853516,27.33,5
-0.40556833148002625,-0.8593749403953552,0.3031865060329437,0.3634178638458252,3.376926898956299,73.73896026611328,27.33,5
-0.405812531709671,-0.8537771701812744,0.3009253740310669,0.49474868178367615,3.375948190689087,73.74649810791016,27.33,5
-0.4059692621231079,-0.8557826280593872,0.29947429895401,0.5145428776741028,3.3753201961517334,73.75133514404297,27.33,5
-0.4060698449611664,-0.8570696115493774,0.2985430657863617,0.41618582606315613,3.3749170303344727,73.75444030761719,27.33,5
-0.4005366265773773,-0.85789555311203,0.29794546961784363,0.4426303207874298,3.3746583461761475,73.75643157958984,27.33,5
-0.4025834798812866,-0.8584255576133728,0.3031597435474396,0.6208167672157288,3.3744924068450928,73.7577133178711,27.33,5
-0.4038970470428467,-0.858765721321106,0.30650594830513,0.6814279556274414,3.3743858337402344,73.75852966308594,27.33,5
-0.40474000573158264,-0.8589839935302734,0.3086533546447754,0.5125353336334229,3.3743174076080322,73.7590560913086,27.33,5
-0.4108787477016449,-0.8591240644454956,0.304433673620224,0.2966724932193756,3.3715193271636963,73.75939178466797,27.33,5
-0.40922045707702637,-0.8592139482498169,0.30732348561286926,0.12948355078697205,3.3697235584259033,73.75961303710938,27.33,5
-0.40815627574920654,-0.8592716455459595,0.30358022451400757,-0.12111170589923859,3.3685712814331055,73.75975036621094,27.33,5
-0.4074733257293701,-0.859308660030365,0.3011780381202698,-0.5362921953201294,3.3678317070007324,73.75984191894531,27.33,5
-0.40703505277633667,-0.8593324422836304,0.29963645339012146,-0.9317038655281067,3.3673572540283203,73.75990295410156,27.33,5
-0.4011560380458832,-0.8593477010726929,0.2986471354961395,-1.0994744300842285,3.3670525550842285,73.75994110107422,27.33,5
-0.3973832130432129,-0.859357476234436,0.29801225662231445,-1.049506664276123,3.3668570518493652,73.75996398925781,27.33,5
-0.39496204257011414,-0.8593637347221375,0.29760482907295227,-0.8311462998390198,3.366731643676758,73.75997924804688,27.33,5
-0.39340826869010925,-0.8593677878379822,0.30294114351272583,-0.4545651972293854,3.3643558025360107,73.7599868774414,27.33,5
-0.39800891280174255,-0.8537725806236267,0.3007678985595703,-0.08392439037561417,3.3628311157226562,73.75999450683594,27.33,5
-0.39536356925964355,-0.8557797074317932,0.29937323927879333,0.0643671527504921,3.3618526458740234,73.75999450683594,27.33,5
-0.3992637097835541,-0.8514699935913086,0.3040759861469269,0.019811682403087616,3.36122465133667,73.75999450683594,27.33,5
-0.4017665982246399,-0.8487042188644409,0.3014961779117584,-0.019529184326529503,3.3608217239379883,73.75999450683594,27.33,5
-0.4033728241920471,-0.8525270819664001,0.2998405992984772,0.09852714091539383,3.360563278198242,73.75999450683594,27.33,5
-0.40440359711647034,-0.8549804091453552,0.29877814650535583,0.4358169138431549,3.3603973388671875,73.75999450683594,27.33,5
-0.4050650894641876,-0.8565548062324524,0.29809632897377014,0.9281283617019653,3.360290765762329,73.75999450683594,27.33,5
-0.40548959374427795,-0.85756516456604,0.297658771276474,1.3587080240249634,3.362517833709717,74.15049743652344,27.33,5
-0.40016424655914307,-0.8526157736778259,0.29737797379493713,1.4881435632705688,3.3639469146728516,74.4011001586914,27.33,5
-0.3967467248439789,-0.8550373315811157,0.29719778895378113,1.2451934814453125,3.3648641109466553,74.56192016601562,27.33,5
-0.4001513421535492,-0.8565913438796997,0.3026799261569977,0.7668502926826477,3.365452766418457,74.66512298583984,27.33,5
-0.4023362398147583,-0.8575885891914368,0.30619803071022034,0.2986612915992737,3.365830421447754,74.73135375976562,27.33,5
-0.4037383794784546,-0.8582285642623901,0.30845576524734497,0.00895227212458849,3.3660728931427,74.77385711669922,27.33,5
-0.4046382009983063,-0.8586392998695374,0.30990463495254517,-0.1268102377653122,3.3662283420562744,74.80113220214844,27.33,5
-0.40521565079689026,-0.8589028716087341,0.31083443760871887,-0.17452646791934967,3.366328239440918,74.81864166259766,27.33,5
-0.40558621287345886,-0.8590720295906067,0.3114311397075653,-0.11200103908777237,3.3663923740386963,74.82987213134766,27.33,5
-0.4058240056037903,-0.8591805696487427,0.3118140697479248,0.0463491789996624,3.3664333820343018,74.83708190917969,27.33,5
-0.40597662329673767,-0.8592502474784851,0.30646204948425293,0.06198741868138313,3.366459846496582,74.84171295166016,27.33,5
-0.40607455372810364,-0.8592949509620667,0.3030274212360382,-0.2933995723724365,3.3664767742156982,74.84468078613281,27.33,5
-0.4061374068260193,-0.8593236207962036,0.30642104148864746,-0.8295679688453674,3.366487503051758,74.84658813476562,27.33,5
-0.40617772936820984,-0.8593420386314392,0.3030011057853699,-1.1163288354873657,3.3664944171905518,74.84780883789062,27.33,5
-0.40620362758636475,-0.8593538403511047,0.3008063733577728,-1.024497151374817,3.3664989471435547,74.84859466552734,27.33,5
-0.4006224572658539,-0.8593614101409912,0.29939791560173035,-0.7685231566429138,3.366501808166504,74.8490982055664,27.33,5
-0.4026385545730591,-0.8593662977218628,0.2984940707683563,-0.5361848473548889,3.371093988418579,74.84941864013672,27.31,5
-0.4039323925971985,-0.8593693971633911,0.2979140281677246,-0.3297622501850128,3.3740410804748535,74.84962463378906,27.31,5
-0.4047626852989197,-0.8593714237213135,0.2975417971611023,-0.1256406158208847,3.375932216644287,74.84976196289062,27.31,5
-0.39969775080680847,-0.8593726754188538,0.30290067195892334,0.051926389336586,3.377145767211914,74.84984588623047,27.31,5
-0.4020451307296753,-0.8593735098838806,0.30074194073677063,0.2375301867723465,3.377924680709839,74.84989929199219,27.31,5
-0.3979537785053253,-0.8593740463256836,0.3049543499946594,0.4999430477619171,3.378424644470215,74.84993743896484,27.31,5
-0.39532819390296936,-0.8537766337394714,0.3076576292514801,0.7149180173873901,3.3787453174591064,74.84996032714844,27.31,5
-0.39924100041389465,-0.8557822704315186,0.30939245223999023,0.6450871825218201,3.378951072692871,74.8499755859375,27.31,5
-0.4017520248889923,-0.8570693731307983,0.30490797758102417,0.36740633845329285,3.3923957347869873,74.84998321533203,27.31,5
-0.4033634662628174,-0.8578953742980957,0.30203011631965637,0.19278933107852936,3.4010238647460938,74.84999084472656,27.31,5
-0.404397577047348,-0.8584254384040833,0.3001832664012909,0.20253776013851166,3.4065608978271484,74.84999084472656,27.31,5
-0.4050612151622772,-0.8587656021118164,0.29899805784225464,0.23387177288532257,3.410114288330078,74.84999084472656,27.31,5
-0.4054871201515198,-0.8589839339256287,0.2982374429702759,0.24681498110294342,3.4123945236206055,74.84999084472656,27.31,5
-0.40576043725013733,-0.8591240644454956,0.2977493405342102,0.2873643636703491,3.413857936859131,74.84999084472656,27.31,5
-0.4059358239173889,-0.8592139482498169,0.30303388833999634,0.281143456697464,3.414797067642212,74.84999084472656,27.31,5
-0.40604838728904724,-0.8592716455459595,0.30082741379737854,0.11235275119543076,3.4153997898101807,74.84999084472656,27.31,5
-0.406120628118515,-0.859308660030365,0.30500921607017517,-0.16434846818447113,3.43231201171875,75.1795883178711,27.31,5
-0.4061669707298279,-0.8593324422836304,0.30209508538246155,-0.4171534478664398,3.4431653022766113,75.39110565185547,27.31,5
-0.4061967134475708,-0.8593477010726929,0.3002249598503113,-0.6402928829193115,3.4501304626464844,75.52684783935547,27.31,5
-0.4062158167362213,-0.859357476234436,0.2990248203277588,-0.847977340221405,3.4546003341674805,75.61396026611328,27.31,5
-0.40622806549072266,-0.8593637347221375,0.2982546389102936,-0.8988580107688904,3.4574687480926514,75.66986083984375,27.31,5
-0.406235933303833,-0.8537700176239014,0.29776036739349365,-0.6663997173309326,3.4593095779418945,75.70573425292969,27.31,5
-0.40624096989631653,-0.8557780385017395,0.2974431812763214,-0.2986842393875122,3.4604909420013428,75.728759765625,27.31,5
-0.4062442183494568,-0.8570666909217834,0.29723963141441345,-0.08420108258724213,3.4612491130828857,75.7435302734375,27.31,5
-0.4062463045120239,-0.8578936457633972,0.302706778049469,-0.09702631086111069,3.48285174369812,75.75301361083984,27.31,5
-0.406247615814209,-0.8584243655204773,0.3062152862548828,-0.13033483922481537,3.4967150688171387,75.75909423828125,27.31,5
-0.4062484800815582,-0.8587649464607239,0.3084668219089508,-0.019155029207468033,3.5056116580963135,75.76300048828125,27.31,5
-0.4062490165233612,-0.8589835166931152,0.3043139576911926,0.1847490668296814,3.5113210678100586,75.76551055908203,27.31,5
-0.40065160393714905,-0.8591237664222717,0.301648885011673,0.35501131415367126,3.5149848461151123,75.76712036132812,27.31,5
-0.39705950021743774,-0.8592137694358826,0.2999386191368103,0.3997894525527954,3.517336130142212,75.76815032958984,27.31,5
-0.4003520607948303,-0.8592715263366699,0.29884105920791626,0.2673095762729645,3.5188450813293457,75.76881408691406,27.31,5
-0.4024650454521179,-0.8593086004257202,0.29813671112060547,0.06048404425382614,3.5198135375976562,75.76924133300781,27.31,5
-0.40382102131843567,-0.8537346124649048,0.3032824695110321,-0.007758305873721838,3.5392556190490723,75.7695083618164,27.33,5
-0.3990934491157532,-0.8557553291320801,0.3065847158432007,0.07383783161640167,3.551732301712036,75.76968383789062,27.33,5
-0.4016573429107666,-0.8570520877838135,0.3031061291694641,0.07604547590017319,3.559739112854004,75.7697982788086,27.33,5
-0.40330269932746887,-0.8578842878341675,0.3008737862110138,-0.06942339241504669,3.564877510070801,75.76986694335938,27.33,5
-0.4043585956096649,-0.858418345451355,0.2994411885738373,-0.20576784014701843,3.5681750774383545,75.76991271972656,27.33,5
-0.40503621101379395,-0.8587610721588135,0.30411961674690247,-0.26460525393486023,3.57029128074646,75.76994323730469,27.33,5
-0.399873286485672,-0.8589810132980347,0.30712196230888367,-0.3740152418613434,3.5716493129730225,75.76996612548828,27.33,5
-0.39656001329421997,-0.8591221570968628,0.30345091223716736,-0.6054441928863525,3.5725207328796387,75.76997375488281,27.33,5
-0.40003153681755066,-0.8592127561569214,0.30109503865242004,-0.8112831115722656,3.5818021297454834,75.76998138427734,27.33,5
-0.40225934982299805,-0.8592708706855774,0.29958316683769226,-0.7642499208450317,3.5877585411071777,75.76998901367188,27.33,5
-0.40368902683258057,-0.8593081831932068,0.30421072244644165,-0.440295547246933,3.591580867767334,75.76998901367188,27.33,5
-0.40460652112960815,-0.8593321442604065,0.3015826344490051,-0.06401921063661575,3.59403395652771,75.76998901367188,27.33,5
-0.40519529581069946,-0.8593475222587585,0.30549386143684387,0.18820098042488098,3.5956082344055176,75.76998901367188,27.33,5
-0.39997538924217224,-0.8593573570251465,0.30240610241889954,0.3321485221385956,3.596618413925171,75.76998901367188,27.33,5
-0.4022233188152313,-0.8649614453315735,0.3004245460033417,0.4173606038093567,3.597266674041748,75.76998901367188,27.33,5
-0.4036659002304077,-0.8629600405693054,0.2991528809070587,0.43621906638145447,3.5976827144622803,75.76998901367188,27.33,5
-0.4045916795730591,-0.8616756796836853,0.29833680391311646,0.42324331402778625,3.6034584045410156,76.09959411621094,27.33,5
-0.4051857888698578,-0.8608514666557312,0.3034108877182007,0.47582000494003296,3.6071648597717285,76.31111145019531,27.33,5
-0.39996927976608276,-0.8603225350379944,0.30666711926460266,0.6421160101890564,3.6095433235168457,76.44685363769531,27.33,5
-0.39662161469459534,-0.8599830865859985,0.3087567985057831,0.8563124537467957,3.611069679260254,76.53396606445312,27.33,5
-0.39447328448295593,-0.8597652316093445,0.3045000433921814,1.0260145664215088,3.6120493412017822,76.5898666381836,27.33,5
-0.39869236946105957,-0.8596253991127014,0.30176830291748047,1.0811810493469238,3.612678050994873,76.62574005126953,27.33,5
-0.4013999402523041,-0.8595356941223145,0.30001524090766907,0.9267071485519409,3.613081455230713,76.64876556396484,27.33,5
-0.4031375050544739,-0.8594781160354614,0.29889023303985596,0.5696292519569397,3.613340377807617,76.66353607177734,27.33,5
-0.4042525887489319,-0.8594411611557007,0.29816827178001404,0.22941739857196808,3.6139652729034424,76.67301940917969,27.33,5
-0.40496817231178284,-0.8594174385070801,0.30330273509025574,0.09348823875188828,3.614366292953491,76.6791000366211,27.33,5
-0.40542739629745483,-0.8594022393226624,0.3065977394580841,0.10298627614974976,3.614623785018921,76.6830062866211,27.33,5
-0.40572211146354675,-0.8593924641609192,0.30871227383613586,0.09116869419813156,3.6147890090942383,76.68551635742188,27.33,5
-0.40031346678733826,-0.8593862056732178,0.3100692629814148,-0.03822272643446922,3.6148951053619385,76.68712615966797,27.33,5
-0.39684250950813293,-0.8593822121620178,0.31094008684158325,-0.3577086925506592,3.6149630546569824,76.68815612792969,27.33,5
-0.3946150541305542,-0.8593796491622925,0.3114989399909973,-0.8959159255027771,3.615006685256958,76.6888198852539,27.33,5
-0.3931855857372284,-0.8593779802322388,0.30625981092453003,-1.4096873998641968,3.615034818649292,76.68924713134766,27.33,5
-0.39226824045181274,-0.8593769073486328,0.3028976321220398,-1.4993637800216675,3.6122984886169434,76.68951416015625,27.33,5
-0.3916795253753662,-0.8593762516975403,0.30633774399757385,-1.1234211921691895,3.6105425357818604,76.68968963623047,27.33,5
-0.3968995213508606,-0.8593757748603821,0.30294764041900635,-0.7209470272064209,3.6094157695770264,76.68980407714844,27.33,5
-0.3890538513660431,-0.8537777066230774,0.3063698410987854,-0.5773047208786011,3.6086926460266113,76.68987274169922,27.33,5
-0.3896167278289795,-0.850185215473175,0.30296823382377625,-0.4564627707004547,3.6082284450531006,76.6899185180664,27.33,5
-0.38997796177864075,-0.8534775376319885,0.30638307332992554,-0.10305504500865936,3.6079306602478027,76.68994903564453,27.33,5
-0.39580753445625305,-0.8555903434753418,0.30857449769973755,0.3422788083553314,3.6077394485473633,76.68997192382812,27.33,5
-0.39954861998558044,-0.8569462299346924,0.3099808394908905,0.6209033131599426,3.607616901397705,76.68997955322266,27.33,5
-0.3963516652584076,-0.8578163385391235,0.3108833432197571,0.6993963718414307,3.6052427291870117,76.68998718261719,27.33,5
-0.39989781379699707,-0.8583747148513794,0.31146252155303955,0.7282732129096985,3.6037192344665527,76.68999481201172,27.33,5
-0.3965757489204407,-0.858733057975769,0.3118342161178589,0.7790479063987732,3.6027414798736572,76.68999481201172,27.33,5
-0.3944438397884369,-0.8589630126953125,0.3064749538898468,0.8116321563720703,3.602113962173462,76.68999481201172,27.33,5
-0.39307570457458496,-0.8535128235816956,0.303035706281662,0.8110474348068237,3.6017112731933594,76.68999481201172,27.33,5
-0.39779549837112427,-0.8556129932403564,0.30082857608795166,0.7927592992782593,3.6014528274536133,76.68999481201172,27.33,5
-0.4008243978023529,-0.8569607734680176,0.29941219091415405,0.637719988822937,3.6012871265411377,76.68999481201172,27.33,5
-0.39717039465904236,-0.8522279262542725,0.29850322008132935,0.2337057739496231,3.6011807918548584,76.68999481201172,27.33,5
-0.40042322874069214,-0.8547884225845337,0.3035176694393158,-0.24410441517829895,3.596522092819214,77.00526428222656,27.33,5
-0.40251070261001587,-0.8564316034317017,0.30673566460609436,-0.5077446103096008,3.5935323238372803,77.20758819580078,27.33,5
-0.40385034680366516,-0.8574860692024231,0.3088007867336273,-0.4763094484806061,3.59161376953125,77.3374252319336,27.33,5
-0.3991122543811798,-0.8581628203392029,0.31012606620788574,-0.25551190972328186,3.5903825759887695,77.42074584960938,27.33,5
-0.3960716426372528,-0.8585970997810364,0.3109765350818634,-0.03500011935830116,3.589592456817627,77.4742202758789,27.33,5
-0.39971810579299927,-0.8588758111000061,0.31152233481407166,-0.09053000062704086,3.589085340499878,77.50853729248047,27.33,5
-0.4020582139492035,-0.8590546250343323,0.31187260150909424,-0.4844234585762024,3.5887598991394043,77.53055572509766,27.33,5
-0.40355995297431946,-0.8591694235801697,0.3064996004104614,-0.8769220113754272,3.5885510444641113,77.54468536376953,27.33,5
-0.40452367067337036,-0.8592430949211121,0.30305150151252747,-0.9711716771125793,3.5819902420043945,77.55375671386719,27.33,5
-0.399544358253479,-0.8536925911903381,0.3008387088775635,-0.8310314416885376,3.57778000831604,77.55957794189453,27.33,5
-0.3963489234447479,-0.8557283282279968,0.3050164580345154,-0.6085422039031982,3.575078010559082,77.56330871582031,27.33,5
-0.3998960554599762,-0.8570348024368286,0.30769750475883484,-0.39410993456840515,3.5733439922332764,77.56570434570312,27.33,5
-0.40217241644859314,-0.8578732013702393,0.3094180226325989,-0.2923254072666168,3.5722312927246094,77.56724548339844,27.33,5
-0.4036332368850708,-0.8584112524986267,0.3105221688747406,-0.198345348238945,3.5715172290802,77.56822967529297,27.33,5
-0.40457069873809814,-0.8587565422058105,0.31123074889183044,0.12707623839378357,3.571058988571167,77.56886291503906,27.33,5
-0.39957454800605774,-0.8589780926704407,0.3060877025127411,0.608188807964325,3.5707650184631348,77.56926727294922,27.33,5
-0.40196606516838074,-0.8591203093528748,0.3083849549293518,0.9455997943878174,3.5655269622802734,77.56952667236328,27.35,5
-0.40350082516670227,-0.8592115640640259,0.30985918641090393,1.0331580638885498,3.5621654987335205,77.56969451904297,27.35,5
-0.39888796210289,-0.8592700958251953,0.3108052909374237,0.8923062086105347,3.5600082874298096,77.5698013305664,27.35,5
-0.40152546763420105,-0.8593077063560486,0.31141242384910583,0.5188921093940735,3.558623790740967,77.56986999511719,27.35,5
-0.4032180607318878,-0.8593317866325378,0.31180205941200256,0.0893799439072609,3.5577354431152344,77.56991577148438,27.35,5
-0.40430426597595215,-0.8593472838401794,0.3120521008968353,-0.12535245716571808,3.5571653842926025,77.5699462890625,27.35,5
-0.40500134229660034,-0.8593572378158569,0.30661478638648987,-0.11268717050552368,3.5567994117736816,77.5699691772461,27.35,5
-0.40544867515563965,-0.8593636155128479,0.30872321128845215,-0.06515099108219147,3.5565645694732666,77.56997680664062,27.35,5
-0.4001379907131195,-0.8593676686286926,0.3044784963130951,-0.14570485055446625,3.549069404602051,77.56998443603516,27.35,5
-0.39672988653182983,-0.8593702912330627,0.3073522746562958,-0.4016065001487732,3.5442593097686768,77.56999206542969,27.35,5
-0.39454275369644165,-0.8537741899490356,0.30919647216796875,-0.6303157806396484,3.541172504425049,77.56999206542969,27.35,5
-0.39873695373535156,-0.8557807207107544,0.3103799819946289,-0.554968535900116,3.539191484451294,77.56999206542969,27.35,5
-0.40142855048179626,-0.8570684194564819,0.3111394941806793,-0.2809127867221832,3.5379202365875244,77.56999206542969,27.35,5
-0.4031558632850647,-0.857894778251648,0.3116269111633301,-0.18743881583213806,3.537104368209839,77.56999206542969,27.35,5
-0.3986665904521942,-0.8584250807762146,0.30634191632270813,-0.39972832798957825,3.536580801010132,77.56999206542969,27.35,5
-0.3957856297492981,-0.8531675934791565,0.30854809284210205,-0.7401703596115112,3.5362448692321777,77.56999206542969,27.35,5
-0.39953458309173584,-0.8553914427757263,0.3099638819694519,-0.9586464762687683,3.5263888835906982,77.92108917236328,27.35,5
-0.4019404351711273,-0.8512207865715027,0.31087246537208557,-0.8910624384880066,3.520063877105713,78.14640045166016,27.35,5
-0.40348437428474426,-0.8541420698165894,0.30585777759552,-0.5754151344299316,3.516004800796509,78.2909927368164,27.35,5
-0.4044751822948456,-0.8560168147087097,0.3082374036312103,-0.17939181625843048,3.513400077819824,78.38378143310547,27.35,5
-0.39391547441482544,-0.857219934463501,0.3097645044326782,0.20730847120285034,3.511728525161743,78.44332885742188,27.35,5
-0.39833441376686096,-0.8579919934272766,0.3107445240020752,0.5307045578956604,3.510655641555786,78.4815444946289,27.35,5
-0.4011702239513397,-0.8528897166252136,0.31137344241142273,0.7024157643318176,3.509967088699341,78.50607299804688,27.35,5
-0.3973923325538635,-0.8552131056785583,0.3117770254611969,0.7696192264556885,3.5095252990722656,78.52181243896484,27.35,5
-0.40056565403938293,-0.8567041158676147,0.30643826723098755,0.8091639876365662,3.50235652923584,78.53191375732422,27.35,5
-0.40260210633277893,-0.8576610088348389,0.3086099326610565,0.7163165211677551,3.497756004333496,78.53839111328125,27.35,5
-0.40390899777412415,-0.8582750558853149,0.3044058084487915,0.4704384207725525,3.4948036670684814,78.54254913330078,27.35,5
-0.4047476649284363,-0.858669102191925,0.30170783400535583,0.28040483593940735,3.4929089546203613,78.54521942138672,27.35,5
-0.40528589487075806,-0.858922004699707,0.2999764382839203,0.17636510729789734,3.4916930198669434,78.54693603515625,27.35,5
-0.40563130378723145,-0.8590843081474304,0.30446308851242065,-0.03370462357997894,3.490912675857544,78.54803466796875,27.35,5
-0.40585294365882874,-0.859188437461853,0.30734238028526306,-0.28315770626068115,3.4904119968414307,78.54873657226562,27.35,5
-0.4003974199295044,-0.8592552542686462,0.30919012427330017,-0.34293022751808167,3.4900906085968018,78.54918670654297,27.35,5
-0.4024941623210907,-0.8592981696128845,0.3103758990764618,-0.2773940861225128,3.486670732498169,78.54947662353516,27.31,5
-0.40383970737457275,-0.8593257069587708,0.3055391013622284,-0.33564889430999756,3.484476089477539,78.54966735839844,27.31,5
-0.40470319986343384,-0.8593433499336243,0.30803290009498596,-0.5700751543045044,3.483067750930786,78.54978942871094,27.31,5
-0.40525734424591064,-0.8593546748161316,0.3096332848072052,-0.8602368235588074,3.482163906097412,78.54986572265625,27.31,5
-0.405612975358963,-0.8593619465827942,0.31066030263900757,-1.1109322309494019,3.481583833694458,78.54991149902344,27.31,5
-0.405841201543808,-0.8593665957450867,0.31131938099861145,-1.1786671876907349,3.4812116622924805,78.54994201660156,27.31,5
-0.4003898799419403,-0.8593696355819702,0.3117423355579376,-0.878208339214325,3.4809727668762207,78.54996490478516,27.31,5
-0.3968915343284607,-0.859371542930603,0.31201377511024475,-0.2483169287443161,3.4808194637298584,78.54998016357422,27.31,5
-0.40024426579475403,-0.8593727946281433,0.30659019947052,0.3851959705352783,3.473376512527466,78.54998779296875,27.31,5
-0.4023958742618561,-0.8593735694885254,0.30870741605758667,0.7559223175048828,3.468600034713745,78.54999542236328,27.31,5
-0.4037766456604004,-0.8593741059303284,0.3100661337375641,0.8648604154586792,3.4655346870422363,78.54999542236328,27.31,5
-0.40466275811195374,-0.8593744039535522,0.3109380900859833,0.8165456652641296,3.4635674953460693,78.54999542236328,27.31,5
-0.39963361620903015,-0.8593746423721313,0.31149765849113464,0.6708976030349731,3.4623050689697266,78.54999542236328,27.31,5
-0.3964062035083771,-0.8593747615814209,0.311856746673584,0.49144724011421204,3.4614949226379395,78.54999542236328,27.31,5
-0.3999328315258026,-0.8593748211860657,0.30648940801620483,0.347625732421875,3.460975170135498,78.54999542236328,27.31,5
-0.396598219871521,-0.8593748807907104,0.30864274501800537,0.25891193747520447,3.460641622543335,78.54999542236328,27.31,5
-0.39445826411247253,-0.8593749403953552,0.3100246489048004,0.1625722050666809,3.4576733112335205,78.8401870727539,27.31,5
-0.39308497309684753,-0.8593749403953552,0.31091147661209106,-0.010312934406101704,3.455768346786499,79.02641296386719,27.31,5
-0.3978014290332794,-0.8593749403953552,0.3058828115463257,-0.20724248886108398,3.4545459747314453,79.14591979980469,27.31,5
-0.40082818269729614,-0.8593749403953552,0.3082534670829773,-0.34436824917793274,3.453761339187622,79.22261810302734,27.31,5
-0.4027705788612366,-0.8593749403953552,0.30977481603622437,-0.44669798016548157,3.4532577991485596,79.27183532714844,27.31,5
-0.4040171205997467,-0.8593749403953552,0.31075114011764526,-0.562523365020752,3.452934741973877,79.30342102050781,27.31,5
-0.3992193043231964,-0.8537771701812744,0.3113776743412018,-0.6440185904502869,3.4527275562286377,79.32369232177734,27.31,5
-0.39614033699035645,-0.8557826280593872,0.31177976727485657,-0.6963175535202026,3.452594518661499,79.33670043945312,27.31,5
-0.39416441321372986,-0.8570696115493774,0.3064400255680084,-0.797948956489563,3.4474594593048096,79.34504699707031,27.31,5
-0.398494154214859,-0.85789555311203,0.30861106514930725,-0.90974360704422,3.4441640377044678,79.35040283203125,27.31,5
-0.4012727439403534,-0.8584255576133728,0.3100042939186096,-0.8202710747718811,3.442049264907837,79.35384368896484,27.31,5
-0.403055876493454,-0.8531679511070251,0.31089839339256287,-0.458333820104599,3.440692186355591,79.35604858398438,27.31,5
-0.4042001962661743,-0.8497939109802246,0.31147217750549316,-0.08992546796798706,3.439821243286133,79.35746765136719,27.31,5
-0.3993367850780487,-0.847628653049469,0.30624261498451233,0.024690257385373116,3.4392623901367188,79.3583755493164,27.31,5
-0.4018135070800781,-0.8518368601799011,0.30288660526275635,0.05525311827659607,3.438903570175171,79.35895538330078,27.31,5
-0.3978051543235779,-0.8545374274253845,0.30633068084716797,0.26832565665245056,3.438673257827759,79.35932922363281,27.31,5
-0.40083059668540955,-0.8562705516815186,0.30854088068008423,0.5662792921066284,3.437607765197754,79.35957336425781,27.35,5
-0.40277212858200073,-0.8573827147483826,0.3099592626094818,0.7109153270721436,3.4369239807128906,79.35972595214844,27.35,5
-0.3984203338623047,-0.8580964803695679,0.3108695149421692,0.7535783052444458,3.4364850521087646,79.35982513427734,27.35,5
-0.39562758803367615,-0.8585545420646667,0.311453640460968,0.8311130404472351,3.4362034797668457,79.3598861694336,27.35,5
-0.3938353657722473,-0.8588484525680542,0.30623072385787964,0.8486271500587463,3.4360227584838867,79.35992431640625,27.35,5
-0.3926852345466614,-0.8590371012687683,0.3028789758682251,0.7273114323616028,3.4359066486358643,79.35995483398438,27.35,5
-0.3919471502304077,-0.8591581583023071,0.3007279932498932,0.6781185865402222,3.4358322620391846,79.35997009277344,27.35,5
-0.3914734721183777,-0.8592358231544495,0.3049454092979431,0.8292608261108398,3.4357845783233643,79.35997772216797,27.35,5
-0.3967672884464264,-0.8536878824234009,0.30205413699150085,0.8653513789176941,3.4385082721710205,79.3599853515625,27.35,5
-0.40016454458236694,-0.8501275777816772,0.30579644441604614,0.5911584496498108,3.440256118774414,79.35999298095703,27.35,5
-0.4023447036743164,-0.853440523147583,0.3081980347633362,0.3220502436161041,3.441377878189087,79.35999298095703,27.35,5
-0.40374380350112915,-0.8555666208267212,0.30973923206329346,0.23175133764743805,3.4420976638793945,79.35999298095703,27.35,5
-0.40464165806770325,-0.8569310307502747,0.3107283115386963,0.05199511721730232,3.4425594806671143,79.35999298095703,27.35,5
-0.40521785616874695,-0.8578066229820251,0.3057652711868286,-0.3248901069164276,3.4428560733795166,79.35999298095703,27.35,5
-0.40558764338493347,-0.8583685159683228,0.3025802671909332,-0.6993086338043213,3.4430463314056396,79.35999298095703,27.35,5
-0.4002271592617035,-0.8531312942504883,0.30053630471229553,-1.0434836149215698,3.4431684017181396,79.35999298095703,27.35,5
-0.3967871069908142,-0.8553681373596191,0.2992246150970459,-1.3754150867462158,3.449214220046997,79.62510681152344,27.35,5
-0.3945794999599457,-0.8512058258056641,0.29838284850120544,-1.4845348596572876,3.453094005584717,79.79524230957031,27.35,5
-0.3931627571582794,-0.8485347032546997,0.2978426516056061,-1.3001989126205444,3.4555838108062744,79.90442657470703,27.35,5
-0.392253577709198,-0.8580160737037659,0.2974959909915924,-1.0780079364776611,3.457181692123413,79.97449493408203,27.35,5
-0.3916701376438141,-0.8585029244422913,0.29727351665496826,-0.9390011429786682,3.458207130432129,80.01945495605469,27.35,5
-0.3912957012653351,-0.853217601776123,0.302728533744812,-0.6205097436904907,3.458865165710449,80.04830932617188,27.35,5
-0.3966532051563263,-0.8554235100746155,0.30622923374176025,-0.032784730195999146,3.459287405014038,80.06682586669922,27.35,5
-0.4000913202762604,-0.8568391799926758,0.3084757924079895,0.5091818571090698,3.4595584869384766,80.0787124633789,27.35,5
-0.4078954756259918,-0.8577476739883423,0.30431970953941345,0.7745855450630188,3.470749616622925,80.08634185791016,27.35,5
-0.4073059856891632,-0.8583306670188904,0.30165258049964905,0.8947502970695496,3.477931499481201,80.09123229980469,27.35,5
-0.4069276750087738,-0.8587048053741455,0.29994097352027893,0.9754477143287659,3.4825403690338135,80.09437561035156,27.35,5
-0.40668490529060364,-0.8589448928833008,0.29884257912635803,0.9591657519340515,3.4854979515075684,80.09638977050781,27.35,5
-0.40652909874916077,-0.8590989708900452,0.29253989458084106,0.8555699586868286,3.487396001815796,80.0976791381836,27.35,5
-0.40083134174346924,-0.8591978549957275,0.29409298300743103,0.7675926685333252,3.488614082336426,80.0985107421875,27.35,5
-0.3971748352050781,-0.8592613339424133,0.2950896620750427,0.7290467619895935,3.4893958568573,80.09904479980469,27.35,5
-0.39482831954956055,-0.8593020439147949,0.29572927951812744,0.6828147768974304,3.4898974895477295,80.0993881225586,27.35,5
-0.3933224380016327,-0.8593282103538513,0.29613974690437317,0.6209025979042053,3.5044498443603516,80.099609375,27.33,5
-0.3923560678958893,-0.8593449592590332,0.296403169631958,0.6492398381233215,3.5137887001037598,80.09974670410156,27.33,5
-0.39173591136932373,-0.8593557476997375,0.2909744381904602,0.739076554775238,3.5197818279266357,80.09983825683594,27.33,5
-0.39133793115615845,-0.8593626618385315,0.2930883467197418,0.5817740559577942,3.523627758026123,80.09989929199219,27.33,5
-0.3966802954673767,-0.8649648427963257,0.2944449484348297,0.07241275906562805,3.5260958671569824,80.09993743896484,27.33,5
-0.4001087248325348,-0.8685600161552429,0.29531553387641907,-0.4156818985939026,3.527679920196533,80.09996032714844,27.33,5
-0.4079066514968872,-0.8708671927452087,0.290276437997818,-0.6859220266342163,3.528696298599243,80.0999755859375,27.33,5
-0.41291090846061707,-0.8723478317260742,0.28704264760017395,-0.9704064726829529,3.529348611831665,80.09998321533203,27.33,5
-0.4105245769023895,-0.8621024489402771,0.2849673926830292,-1.3177707195281982,3.5380301475524902,80.09999084472656,27.33,5
-0.4089931845664978,-0.8499297499656677,0.28363561630249023,-1.451124668121338,3.5436012744903564,80.09999084472656,27.33,5
-0.40801042318344116,-0.8477157950401306,0.2827809453010559,-1.3145838975906372,3.5471765995025635,80.09999084472656,27.33,5
-0.41297751665115356,-0.8518927693367004,0.28223246335983276,-1.087239384651184,3.549471139907837,80.09999084472656,27.33,5
-0.4161651134490967,-0.8545733094215393,0.27628272771835327,-0.794457197189331,3.550943613052368,80.09999084472656,27.33,5
-0.4182107150554657,-0.850695788860321,0.27806228399276733,-0.44176796078681946,3.5518884658813477,80.09999084472656,27.33,5
-0.4139257073402405,-0.8538051843643188,0.2792043089866638,-0.19393686950206757,3.552494764328003,80.09999084472656,27.33,5
-0.41677358746528625,-0.8613983988761902,0.279937207698822,-0.11370979249477386,3.5528838634490967,80.09999084472656,27.33,5
-0.4241989850997925,-0.8662712574005127,0.28040751814842224,-0.008486030623316765,3.558183193206787,80.44750213623047,27.33,5
-0.4177686274051666,-0.8693984150886536,0.2807093560695648,0.2166738510131836,3.561583995819092,80.67051696777344,27.33,5
-0.4080442190170288,-0.8826007843017578,0.28090304136276245,0.3719162046909332,3.5637664794921875,80.81363677978516,27.33,5
-0.4018036425113678,-0.8854755163192749,0.28102734684944153,0.30316078662872314,3.565167188644409,80.90547943115234,27.33,5
-0.38100549578666687,-0.887320339679718,0.2811071276664734,0.15872538089752197,3.566066026687622,80.96441650390625,27.33,5
-0.36765843629837036,-0.8885042667388916,0.28115829825401306,0.11260853707790375,3.5666427612304688,81.00224304199219,27.33,5
-0.3646908402442932,-0.8780685067176819,0.2811911404132843,0.12600430846214294,3.5670130252838135,81.02651977539062,27.33,5
-0.37398195266723633,-0.8825669884681702,0.2812122404575348,0.06653201580047607,3.5672504901885986,81.04209899902344,27.33,5
-0.39114001393318176,-0.8798560500144958,0.275628000497818,-0.10060660541057587,3.5687801837921143,81.05209350585938,27.33,5
-0.41334661841392517,-0.8557252287864685,0.266446590423584,-0.33325669169425964,3.5697617530822754,81.05850982666016,27.33,5
-0.4164019823074341,-0.8458372354507446,0.2661522626876831,-0.5613747835159302,3.5703916549682617,81.06262969970703,27.33,5
-0.41836273670196533,-0.8506872653961182,0.2771589159965515,-0.6683595180511475,3.570796012878418,81.06526947021484,27.33,5
-0.4196210205554962,-0.8593974709510803,0.27302679419517517,-0.5292267799377441,3.5710554122924805,81.06696319580078,27.33,5
-0.41483074426651,-0.8705849647521973,0.2703750431537628,-0.20348940789699554,3.5712218284606934,81.06805419921875,27.33,5
-0.42295217514038086,-0.866568922996521,0.268673300743103,0.023462971672415733,3.571328639984131,81.0687484741211,27.33,5
-0.4225662648677826,-0.8583938479423523,0.2619834542274475,-0.03509887307882309,3.571397304534912,81.06919860839844,27.33,5
-0.4055252969264984,-0.8587453365325928,0.2744836211204529,-0.21956610679626465,3.570064067840576,81.06948852539062,27.31,5
-0.394589364528656,-0.8645687103271484,0.28810328245162964,-0.21972155570983887,3.5692086219787598,81.06967163085938,27.31,5
-0.3819735646247864,-0.8739035725593567,0.29124581813812256,0.0918627604842186,3.568659543991089,81.06978607177734,27.31,5
-0.37387746572494507,-0.8854919075965881,0.2876647412776947,0.567677915096283,3.5683071613311768,81.06986236572266,27.31,5
-0.37427961826324463,-0.8873308897018433,0.27976882457733154,0.8945242166519165,3.5680811405181885,81.06990814208984,27.31,5
-0.3801354765892029,-0.8829132318496704,0.27470168471336365,0.8570776581764221,3.5679359436035156,81.06993865966797,27.31,5
-0.3782956600189209,-0.8800782561302185,0.28264543414115906,0.5392754077911377,3.567842721939087,81.06996154785156,27.31,5
-0.3771149516105652,-0.8782589435577393,0.2877432703971863,0.12395622581243515,3.5677831172943115,81.06997680664062,27.31,5
-0.3763572573661804,-0.8770914077758789,0.29101479053497314,-0.27512702345848083,3.5654494762420654,81.06998443603516,27.31,5
-0.3758710026741028,-0.8763421177864075,0.2875164747238159,-0.5598962903022766,3.5639517307281494,81.06999206542969,27.31,5
-0.3811567425727844,-0.8758612871170044,0.28527146577835083,-0.6423326730728149,3.562990665435791,81.06999206542969,27.31,5
-0.3789510428905487,-0.8699549436569214,0.2894285321235657,-0.5770106315612793,3.5623738765716553,81.06999206542969,27.31,5
-0.3719377815723419,-0.8661646246910095,0.29769405722618103,-0.5207603573799133,3.5619781017303467,81.06999206542969,27.31,5
-0.37303483486175537,-0.8693299889564514,0.3029983937740326,-0.5778091549873352,3.5617241859436035,81.06999206542969,27.31,5
-0.3849344253540039,-0.8657635450363159,0.30080464482307434,-0.7218970656394958,3.561561107635498,81.06999206542969,27.31,5
-0.386973112821579,-0.8522792458534241,0.2937990427017212,-0.8609378933906555,3.5614564418792725,81.06999206542969,27.31,5
-0.382683664560318,-0.8436257839202881,0.2893032431602478,-0.9358360171318054,3.558176040649414,81.29927825927734,27.31,5
-0.38552871346473694,-0.8324747085571289,0.2864181101322174,-0.8728414177894592,3.5560708045959473,81.44641876220703,27.31,5
-0.3929522633552551,-0.8365141749382019,0.27896881103515625,-0.5529742240905762,3.554719924926758,81.54084777832031,27.31,5
-0.39211851358413696,-0.8391064405441284,0.2741882801055908,-0.05034809187054634,3.5538530349731445,81.60144805908203,27.31,5
-0.3971812129020691,-0.851965606212616,0.27112042903900146,0.38326823711395264,3.5532965660095215,81.64033508300781,27.31,5
-0.4060279428958893,-0.8602178692817688,0.2691516578197479,0.6507905125617981,3.5529394149780273,81.66529083251953,27.31,5
-0.41170528531074524,-0.8599159121513367,0.26788821816444397,0.7938103079795837,3.5527102947235107,81.68130493164062,27.31,5
-0.40975087881088257,-0.8653199076652527,0.27827295660972595,0.813940703868866,3.552563190460205,81.69158172607422,27.31,5
-0.4028988778591156,-0.8687878847122192,0.2905350625514984,0.787450909614563,3.546501398086548,81.69818115234375,27.31,5
-0.3985016644001007,-0.8710134029388428,0.29840415716171265,0.8170247673988342,3.5426113605499268,81.7024154663086,27.31,5
-0.3900820016860962,-0.8724416494369507,0.30905187129974365,0.8180906772613525,3.5401148796081543,81.70513153076172,27.31,5
-0.3902765214443207,-0.867760419845581,0.3102871775627136,0.7112974524497986,3.538512945175171,81.70687866210938,27.31,5
-0.39599913358688354,-0.8703540563583374,0.3054821491241455,0.6427636742591858,3.537484884262085,81.70800018310547,27.31,5
-0.3996715843677521,-0.8720185160636902,0.30239856243133545,0.6310258507728577,3.536824941635132,81.7087173461914,27.31,5
-0.402028352022171,-0.8674888610839844,0.30041971802711487,0.4801901578903198,3.5364015102386475,81.70917510986328,27.31,5
-0.409138560295105,-0.8645820021629333,0.2991497814655304,0.2830803692340851,3.5361297130584717,81.70947265625,27.31,5
-0.41370147466659546,-0.8571187853813171,0.29273703694343567,0.3751237690448761,3.5327417850494385,81.70966339111328,27.33,5
-0.40543416142463684,-0.8579270839691162,0.288621723651886,0.7207980155944824,3.5305676460266113,81.70978546142578,27.33,5
-0.40012866258621216,-0.8584458231925964,0.285980761051178,0.9497969746589661,3.529172420501709,81.7098617553711,27.33,5
-0.3967238962650299,-0.8531809449195862,0.28988370299339294,0.8495575785636902,3.5282769203186035,81.70990753173828,27.33,5
-0.3889411389827728,-0.8498022556304932,0.292388379573822,0.4341373145580292,3.5277023315429688,81.7099380493164,27.33,5
-0.38394662737846375,-0.8476340174674988,0.29399573802948,-0.1548873335123062,3.5273334980010986,81.7099609375,27.33,5
-0.3863392174243927,-0.8462425470352173,0.2894294857978821,-0.583045482635498,3.52709698677063,81.70997619628906,27.33,5
-0.38787463307380676,-0.8397517800331116,0.292096883058548,-0.5640415549278259,3.526945114135742,81.7099838256836,27.33,5
-0.39445775747299194,-0.8411841988563538,0.2882108986377716,-0.24374441802501678,3.5217978954315186,81.70999145507812,27.33,5
-0.4042801856994629,-0.8477011919021606,0.29131487011909485,-0.03103099763393402,3.5184948444366455,81.70999145507812,27.33,5
-0.40498587489128113,-0.8518834114074707,0.2989045977592468,-0.04857451096177101,3.5163750648498535,81.70999145507812,27.33,5
-0.40543875098228455,-0.8545673489570618,0.30377525091171265,0.04047918692231178,3.5150146484375,81.70999145507812,27.33,5
-0.41132715344429016,-0.8562897443771362,0.3069009482860565,0.5096249580383301,3.514141798019409,81.70999145507812,27.33,5
-0.40950822830200195,-0.8517972826957703,0.3089068531990051,1.1402926445007324,3.5135815143585205,81.70999145507812,27.33,5
-0.4027431607246399,-0.8545120358467102,0.31019413471221924,1.502027988433838,3.5132219791412354,81.70999145507812,27.33,5
-0.39840173721313477,-0.8562542200088501,0.31102022528648376,1.4941363334655762,3.512991189956665,81.70999145507812,27.33,5
-0.39561566710472107,-0.8517745137214661,0.3059525787830353,1.2562044858932495,3.5082528591156006,81.93211364746094,27.33,5
-0.38822993636131287,-0.8544974327087402,0.3027004599571228,0.8778112530708313,3.5052120685577393,82.07466125488281,27.33,5
-0.3946857750415802,-0.8562448620796204,0.2950156629085541,0.46659916639328003,3.503260612487793,82.1661376953125,27.33,5
-0.39882874488830566,-0.8573662638664246,0.29568177461624146,0.06656910479068756,3.5020081996917725,82.22484588623047,27.33,5
-0.40148746967315674,-0.8580859303474426,0.29610925912857056,-0.5304918885231018,3.501204490661621,82.26251983642578,27.33,5
-0.4031936824321747,-0.8529499769210815,0.2963835895061493,-1.365055799484253,3.5006887912750244,82.28669738769531,27.33,5
-0.4042886197566986,-0.8552517890930176,0.2965596318244934,-1.9973604679107666,3.5003578662872314,82.30220794677734,27.33,5
-0.4049912989139557,-0.8567289710044861,0.29667261242866516,-2.080705404281616,3.500145435333252,82.31216430664062,27.33,5
-0.3998444676399231,-0.8576769232749939,0.30234289169311523,-1.793846607208252,3.4963369369506836,82.31855773925781,27.33,5
-0.4021393060684204,-0.8582852482795715,0.30598175525665283,-1.4306284189224243,3.4938929080963135,82.3226547241211,27.33,5
-0.4092097580432892,-0.8530778884887695,0.30271920561790466,-1.0864760875701904,3.4923245906829834,82.32528686523438,27.33,5
-0.4137471914291382,-0.8497360944747925,0.3006254732608795,-0.8584536910057068,3.4913179874420166,82.32697296142578,27.33,5
-0.41106125712394714,-0.8531892895698547,0.2992818355560303,-0.7407826781272888,3.4906721115112305,82.32805633544922,27.33,5
-0.4149353504180908,-0.8554053902626038,0.2984195649623871,-0.47897425293922424,3.490257501602173,82.32875061035156,27.33,5
-0.41182374954223633,-0.8512297868728638,0.29786622524261475,0.04013172909617424,3.4899914264678955,82.3292007446289,27.33,5
-0.4098269045352936,-0.8541478514671326,0.29751110076904297,0.4950716197490692,3.489820718765259,82.3294906616211,27.33,5
-0.40854546427726746,-0.8560205101966858,0.29728320240974426,0.5720713138580322,3.486497640609741,82.32967376708984,27.29,5
-0.4077230989933014,-0.8572222590446472,0.29713696241378784,0.30980125069618225,3.4843649864196777,82.32978820800781,27.29,5
-0.4071953594684601,-0.857993483543396,0.297043114900589,-0.10212374478578568,3.4829964637756348,82.32986450195312,27.29,5
-0.4068566858768463,-0.8584884405136108,0.29698288440704346,-0.4703681766986847,3.4821181297302246,82.32991027832031,27.29,5
-0.40663933753967285,-0.8588060736656189,0.2969442307949066,-0.5275574922561646,3.4815545082092285,82.32994079589844,27.29,5
-0.4009020924568176,-0.8590099215507507,0.29691943526268005,-0.24182648956775665,3.4811928272247314,82.32996368408203,27.29,5
-0.4028180241584778,-0.8591406941413879,0.296903520822525,0.14574602246284485,3.4809608459472656,82.3299789428711,27.29,5
-0.40404754877090454,-0.8536268472671509,0.29689329862594604,0.451788991689682,3.480811834335327,82.32998657226562,27.29,5
-0.39923882484436035,-0.8500884175300598,0.29688674211502075,0.6266942620277405,3.477044105529785,82.32999420166016,27.29,5
-0.4017506241798401,-0.8534154295921326,0.2968825399875641,0.6457914710044861,3.474626064300537,82.32999420166016,27.29,5
-0.40336257219314575,-0.8555504679679871,0.2968798279762268,0.5971431732177734,3.473074436187744,82.32999420166016,27.29,5
-0.39879924058914185,-0.8569206595420837,0.2968780994415283,0.5480105876922607,3.472078561782837,82.32999420166016,27.29,5
-0.39587074518203735,-0.8577999472618103,0.2968769967556,0.3875074088573456,3.4714395999908447,82.32999420166016,27.29,5
-0.3939914107322693,-0.8583642244338989,0.29687628149986267,0.015812531113624573,3.47102952003479,82.32999420166016,27.29,5
-0.39838314056396484,-0.8587263226509094,0.29687583446502686,-0.4484221041202545,3.470766305923462,82.32999420166016,27.29,5
-0.4012015163898468,-0.8589587211608887,0.3024733066558838,-0.8036624193191528,3.470597505569458,82.32999420166016,27.29,5
-0.40301015973091125,-0.8591078519821167,0.30046766996383667,-0.9420707821846008,3.467275619506836,82.58794403076172,27.29,5
-0.4041708707809448,-0.859203577041626,0.2991805672645569,-0.9019205570220947,3.4651436805725098,82.75347900390625,27.29,5
-0.4049157202243805,-0.8592649698257446,0.2983545660972595,-0.7507643103599548,3.463775634765625,82.85971069335938,27.29,5
-0.3997959494590759,-0.8593043684959412,0.297824501991272,-0.549866259098053,3.462897539138794,82.92788696289062,27.29,5
-0.39651039242744446,-0.8593297004699707,0.2974843382835388,-0.3600376546382904,3.462334156036377,82.97163391113281,27.29,5
-0.3999996781349182,-0.8593459129333496,0.29726603627204895,-0.16656509041786194,3.46197247505188,82.99971008300781,27.29,5
-0.3966411352157593,-0.8537585735321045,0.3027237057685852,0.09014979004859924,3.461740493774414,83.01773071289062,27.29,5
-0.4000835716724396,-0.8557707071304321,0.3006283640861511,0.3838673233985901,3.4615917205810547,83.02928924560547,27.29,5
-0.40229272842407227,-0.8570619821548462,0.2992836833000183,0.6332621574401855,3.4578239917755127,83.03671264648438,27.29,5
-0.4037104547023773,-0.8578906655311584,0.2984207570552826,0.761066198348999,3.4554061889648438,83.04147338867188,27.29,5
-0.4046202600002289,-0.8584224581718445,0.29786697030067444,0.7785971164703369,3.453854560852051,83.0445327758789,27.29,5
-0.3996063470840454,-0.8587636947631836,0.29751157760620117,0.7934300303459167,3.4528586864471436,83.04649353027344,27.29,5
-0.4019864797592163,-0.8589826822280884,0.2972835302352905,0.8602701425552368,3.4522197246551514,83.0477523803711,27.29,5
-0.39791613817214966,-0.8591232299804688,0.29713717103004456,0.9103294014930725,3.4518096446990967,83.0485610961914,27.29,5
-0.39530402421951294,-0.8592134118080139,0.29704323410987854,0.8994636535644531,3.4515464305877686,83.04907989501953,27.29,5
-0.39362773299217224,-0.8592712879180908,0.2969829738140106,0.7778482437133789,3.4513776302337646,83.04940795898438,27.29,5
-0.3981497585773468,-0.8593084216117859,0.2969442903995514,0.42036154866218567,3.446678400039673,83.04962158203125,27.33,5
-0.40105172991752625,-0.859332263469696,0.29691946506500244,-0.09924142062664032,3.4436628818511963,83.04975891113281,27.33,5
-0.40291404724121094,-0.8593475818634033,0.296903520822525,-0.5079268217086792,3.441727638244629,83.04984283447266,27.33,5
-0.4041091799736023,-0.8649551868438721,0.29689329862594604,-0.6877983212471008,3.440485715866089,83.0499038696289,27.33,5
-0.3992783725261688,-0.8629560470581055,0.29688674211502075,-0.6384310126304626,3.4396886825561523,83.04994201660156,27.33,5
-0.3961782455444336,-0.8560753464698792,0.2968825399875641,-0.27715298533439636,3.4391772747039795,83.04996490478516,27.33,5
-0.3941887617111206,-0.8572574853897095,0.2968798279762268,0.3236997425556183,3.4388489723205566,83.04998016357422,27.33,5
-0.39291203022003174,-0.8580160737037659,0.2968780994415283,0.9242469668388367,3.43863844871521,83.04998779296875,27.33,5
-0.39209267497062683,-0.8585029244422913,0.2968769967556,1.4171208143234253,3.438044309616089,83.04999542236328,27.33,5
-0.3915668725967407,-0.8588153719902039,0.29687628149986267,1.8803045749664307,3.4376630783081055,83.04999542236328,27.33,5
-0.39122945070266724,-0.8590158820152283,0.30247360467910767,2.345930337905884,3.4374184608459473,83.04999542236328,27.33,5
-0.39101290702819824,-0.8591445684432983,0.300467848777771,2.741471767425537,3.4372613430023193,83.04999542236328,27.33,5
-0.3908739387989044,-0.8536293506622314,0.29918068647384644,2.869917154312134,3.4371604919433594,83.04999542236328,27.33,5
-0.39078474044799805,-0.8500900268554688,0.2983546555042267,2.465115785598755,3.437095880508423,83.04999542236328,27.33,5
-0.3963252902030945,-0.8534164428710938,0.29782456159591675,1.5067353248596191,3.437054395675659,83.04999542236328,27.33,5
-0.39988088607788086,-0.8555511236190796,0.2974843680858612,0.35431554913520813,3.4370276927948,83.04999542236328,27.33,5
-0.39656490087509155,-0.8569210767745972,0.29726606607437134,-0.5392918586730957,3.433338165283203,83.15030670166016,27.33,5
-0.39443689584732056,-0.8578001856803894,0.2971259653568268,-0.9515417814254761,3.4309704303741455,83.21468353271484,27.33,5
-0.3930712640285492,-0.8583644032478333,0.2970360517501831,-1.004728078842163,3.4294509887695312,83.25599670410156,27.33,5
-0.39219486713409424,-0.858726441860199,0.30257612466812134,-1.0066168308258057,3.428475856781006,83.28250885009766,27.33,5
-0.39163243770599365,-0.8589587807655334,0.300533652305603,-1.1296364068984985,3.4278500080108643,83.29952239990234,27.33,5
-0.3912715017795563,-0.8591079115867615,0.2992229163646698,-1.2874000072479248,3.427448272705078,83.31044006347656,27.33,5
-0.3910398781299591,-0.859203577041626,0.2983817458152771,-1.4280519485473633,3.4271905422210693,83.31745147705078,27.33,5
-0.3964890241622925,-0.8592649698257446,0.3034397065639496,-1.6831127405166626,3.427025079727173,83.32194519042969,27.33,5
-0.39438819885253906,-0.8593043684959412,0.3066856265068054,-2.040255069732666,3.4241647720336914,83.3248291015625,27.33,5
-0.3986377716064453,-0.8593297004699707,0.3031708896160126,-2.2264575958251953,3.4223291873931885,83.3266830444336,27.33,5
-0.39576712250709534,-0.8537481427192688,0.30651310086250305,-2.055763006210327,3.4211511611938477,83.32787322998047,27.33,5
-0.39392492175102234,-0.8557640314102173,0.3030601739883423,-1.6202067136764526,3.4203951358795166,83.3286361694336,27.33,5
-0.39834046363830566,-0.8514599204063416,0.30084428191185,-1.0612508058547974,3.419909954071045,83.3291244506836,27.33,5
-0.4011741280555725,-0.8486977815628052,0.2994222640991211,-0.4625125527381897,3.4195985794067383,83.32943725585938,27.33,5
-0.4029926061630249,-0.8525229692459106,0.2985096871852875,0.05427846312522888,3.419398784637451,83.32964324951172,27.33,5
-0.4041596055030823,-0.8549777865409851,0.2979240417480469,0.3930903375148773,3.4192705154418945,83.32977294921875,27.33,5
-0.40490850806236267,-0.8565531373023987,0.29754820466041565,0.635598361492157,3.4173521995544434,83.3298568725586,27.31,5
-0.40538910031318665,-0.8575640916824341,0.2917092442512512,0.8700426816940308,3.416121244430542,83.32991027832031,27.31,5
-0.4000997543334961,-0.8526151180267334,0.2935599088668823,0.9667569398880005,3.4153311252593994,83.32994079589844,27.31,5
-0.39670535922050476,-0.8550369143486023,0.29474756121635437,0.8031203150749207,3.4148242473602295,83.32996368408203,27.31,5
-0.39452701807022095,-0.8565910458564758,0.3011074960231781,0.59421306848526,3.414498805999756,83.3299789428711,27.31,5
-0.39872685074806213,-0.8575884103775024,0.30518895387649536,0.6249468922615051,3.414289951324463,83.32998657226562,27.31,5
-0.40142208337783813,-0.8582284450531006,0.31340596079826355,0.7951382398605347,3.414155960083008,83.32999420166016,27.31,5
-0.4031517207622528,-0.8586391806602478,0.31308138370513916,0.8255406022071838,3.4140701293945312,83.32999420166016,27.31,5
-0.40985947847366333,-0.8589028120040894,0.30727532505989075,0.6193488240242004,3.4121787548065186,83.32999420166016,27.31,5
-0.41416412591934204,-0.8534741997718811,0.30354931950569153,0.22549881041049957,3.4109652042388916,83.32999420166016,27.31,5
-0.41132882237434387,-0.8555881977081299,0.30115818977355957,-0.23145826160907745,3.410186290740967,83.32999420166016,27.31,5
-0.4095093011856079,-0.8569448590278625,0.2996236979961395,-0.5318722128868103,3.409686326980591,83.32999420166016,27.31,5
-0.4027438461780548,-0.8578155040740967,0.2986389696598053,-0.6279309988021851,3.409365653991699,83.32999420166016,27.31,5
-0.39280441403388977,-0.8583741784095764,0.30360478162765503,-0.7898881435394287,3.4091598987579346,83.32999420166016,27.31,5
-0.38642585277557373,-0.8587327599525452,0.3067915737628937,-1.1911766529083252,3.4090278148651123,83.32999420166016,27.31,5
-0.3879302144050598,-0.8589628338813782,0.3088366687297821,-1.5955861806869507,3.408942937850952,83.32999420166016,27.31,5
-0.39449343085289,-0.8591104745864868,0.31014907360076904,-1.7010622024536133,3.407970428466797,83.43030548095703,27.31,5
-0.39870530366897583,-0.8536074757575989,0.3109913170337677,-1.457066535949707,3.407346248626709,83.49468231201172,27.31,5
-0.40140825510025024,-0.8556737303733826,0.31153181195259094,-0.9529743194580078,3.4069457054138184,83.53599548339844,27.31,5
-0.4031428396701813,-0.8569997549057007,0.31187868118286133,-0.26405420899391174,3.406688690185547,83.56250762939453,27.31,5
-0.39865821599960327,-0.8578507304191589,0.312101274728775,0.38942697644233704,3.4065237045288086,83.57952117919922,27.31,5
-0.3957802653312683,-0.8583968281745911,0.31784188747406006,0.70848149061203,3.4064178466796875,83.59043884277344,27.31,5
-0.39393335580825806,-0.8587472438812256,0.321525901556015,0.7126080989837646,3.4063498973846436,83.59745025634766,27.31,5
-0.3927481174468994,-0.8589721322059631,0.3182922899723053,0.6794305443763733,3.406306266784668,83.60194396972656,27.31,5
-0.38638973236083984,-0.8591164350509644,0.3162171542644501,0.7047125697135925,3.408573627471924,83.60482788085938,27.31,5
-0.38230928778648376,-0.8648068308830261,0.3148854672908783,0.7209371328353882,3.4100286960601807,83.60668182373047,27.31,5
-0.3684951364994049,-0.8628608584403992,0.31403085589408875,0.7671748995780945,3.4109623432159424,83.60787200927734,27.31,5
-0.37082555890083313,-0.8504164814949036,0.313482403755188,0.7681869864463806,3.4115617275238037,83.60863494873047,27.31,5
-0.3835166394710541,-0.8536259531974792,0.3187282383441925,0.43565696477890015,3.4119462966918945,83.60912322998047,27.31,5
-0.39166104793548584,-0.8556855916976929,0.32209470868110657,-0.2542242407798767,3.4121930599212646,83.60943603515625,27.31,5
-0.3968876600265503,-0.8570073246955872,0.3298528790473938,-0.9405654072761536,3.412351369857788,83.6096420288086,27.31,5
-0.40024179220199585,-0.8578555583953857,0.329233855009079,-1.3380287885665894,3.4124529361724854,83.60977172851562,27.31,5
-0.39679649472236633,-0.8583999276161194,0.328836590051651,-1.3817259073257446,3.41068172454834,83.60985565185547,27.31,5
-0.394585520029068,-0.858749270439148,0.32298389077186584,-1.19123113155365,3.4095451831817627,83.60990905761719,27.31,5
-0.3931666314601898,-0.8533756732940674,0.3192279636859894,-1.0582348108291626,3.408815622329712,83.60993957519531,27.31,5
-0.38665831089019775,-0.8499271869659424,0.31681761145591736,-1.1555967330932617,3.4083476066589355,83.6099624633789,27.31,5
-0.3824816346168518,-0.8477141857147217,0.3152707815170288,-1.2861469984054565,3.4080471992492676,83.60997772216797,27.31,5
-0.3853990435600281,-0.8574895262718201,0.31987589597702026,-1.197962999343872,3.4078543186187744,83.6099853515625,27.31,5
-0.38727128505706787,-0.8581650257110596,0.3228312134742737,-0.8941738605499268,3.4077305793762207,83.60999298095703,27.31,5
-0.3884727656841278,-0.8530007600784302,0.32472774386405945,-0.47709977626800537,3.40765118598938,83.60999298095703,27.31,5
-0.39484158158302307,-0.8496866226196289,0.3203470706939697,-0.019569098949432373,3.4085185527801514,83.60999298095703,27.31,5
-0.3989287316799164,-0.8475598096847534,0.31753578782081604,0.36002954840660095,3.4090750217437744,83.60999298095703,27.31,5
-0.3903560936450958,-0.8405971527099609,0.3213294446468353,0.5749735236167908,3.4094321727752686,83.60999298095703,27.31,5
-0.39045244455337524,-0.8417266607284546,0.32376399636268616,0.7200773358345032,3.4096615314483643,83.60999298095703,27.31,5
-0.3849164843559265,-0.8424515128135681,0.3253263533115387,0.8812655210494995,3.40980863571167,83.60999298095703,27.31,5
-0.38696160912513733,-0.8485144972801208,0.32632899284362793,0.905890166759491,3.409903049468994,83.60999298095703,27.31,5
-0.38827404379844666,-0.8524053692817688,0.32697242498397827,0.7282337546348572,3.409963607788086,83.60999298095703,27.31,5
-0.3947140574455261,-0.8549022674560547,0.3273853361606598,0.5748157501220703,3.4100024700164795,83.60999298095703,27.31,5
-0.39884689450263977,-0.8565046787261963,0.3276503384113312,0.5802556276321411,3.4068140983581543,83.70314025878906,27.31,5
-0.3959013521671295,-0.8575329780578613,0.32782039046287537,0.6697284579277039,3.4047679901123047,83.7629165649414,27.31,5
-0.38841328024864197,-0.8581929206848145,0.3279295265674591,0.8417893648147583,3.4034550189971924,83.80128479003906,27.31,5
-0.3836078643798828,-0.8586164116859436,0.3224017918109894,1.0668505430221558,3.4026124477386475,83.8259048461914,27.31,5
-0.38052403926849365,-0.8588882088661194,0.3132566213607788,1.1324652433395386,3.402071714401245,83.84170532226562,27.31,5
-0.37854501605033875,-0.8534648418426514,0.3073877692222595,1.002609372138977,3.4017245769500732,83.85184478759766,27.31,5
-0.3772749900817871,-0.8499844074249268,0.30921927094459534,0.8798669576644897,3.4015018939971924,83.85835266113281,27.31,5
-0.38765549659729004,-0.8533486723899841,0.30479684472084045,0.7867676615715027,3.4013590812683105,83.8625259399414,27.31,5
-0.3999148905277252,-0.8555076718330383,0.2963609993457794,0.5801362991333008,3.396676540374756,83.86520385742188,27.31,5
-0.40778225660324097,-0.8568931818008423,0.296545147895813,0.27556854486465454,3.3936715126037598,83.8669204711914,27.31,5
-0.42402663826942444,-0.852184534072876,0.2910655438899994,0.0622016116976738,3.3917431831359863,83.86802673339844,27.31,5
-0.4064624607563019,-0.8547605872154236,0.2987445890903473,0.14739468693733215,3.390505790710449,83.86873626708984,27.31,5
-0.3951908051967621,-0.8676092624664307,0.30927035212516785,0.5280811190605164,3.389711618423462,83.86918640136719,27.31,5
-0.39355507493019104,-0.8758548498153687,0.32162293791770935,0.897773802280426,3.3892018795013428,83.86947631835938,27.31,5
-0.39810311794281006,-0.8699508309364319,0.3239523470401764,0.9917182922363281,3.3888747692108154,83.86966705322266,27.31,5
-0.41781511902809143,-0.854966402053833,0.31425169110298157,0.9051209092140198,3.388664960861206,83.86978912353516,27.31,5
-0.4136718213558197,-0.8453502655029297,0.30242857336997986,0.8244696259498596,3.387153148651123,83.86986541748047,27.29,5
-0.3998173475265503,-0.84477698802948,0.3004389703273773,0.8013728857040405,3.386183023452759,83.86991119384766,27.29,5
-0.3965241312980652,-0.8500068187713623,0.2991621494293213,0.8832802772521973,3.3855602741241455,83.86994171142578,27.29,5
-0.4056062698364258,-0.853363037109375,0.298342764377594,1.0755641460418701,3.3851606845855713,83.86996459960938,27.29,5
-0.41143468022346497,-0.8611146211624146,0.2978169322013855,1.1703002452850342,3.384904384613037,83.86997985839844,27.29,5
-0.4151749908924103,-0.8660891652107239,0.2974794805049896,0.9731510281562805,3.384739875793457,83.86998748779297,27.29,5
-0.41757532954216003,-0.869281530380249,0.29726290702819824,0.5851039886474609,3.384634256362915,83.8699951171875,27.29,5
-0.41351795196533203,-0.8657324314117432,0.2971239387989044,0.1927747130393982,3.38456654548645,83.8699951171875,27.29,5
-0.40531638264656067,-0.8634548187255859,0.30263254046440125,-0.08407766371965408,3.3868184089660645,83.8699951171875,27.29,5
-0.40005308389663696,-0.8619931936264038,0.3005698621273041,-0.13993801176548004,3.388263463973999,83.8699951171875,27.29,5
-0.3966754078865051,-0.8610551953315735,0.304843932390213,-0.05397840216755867,3.389190912246704,83.8699951171875,27.29,5
-0.3945077955722809,-0.8604532480239868,0.30198898911476135,-0.17436067759990692,3.3897860050201416,83.8699951171875,27.29,5
-0.398714542388916,-0.8600669503211975,0.3001568615436554,-0.677941620349884,3.3901679515838623,83.8699951171875,27.29,5
-0.3958164155483246,-0.8598190546035767,0.29898110032081604,-1.2375608682632446,3.3904130458831787,83.8699951171875,27.29,5
-0.3995543122291565,-0.8540621995925903,0.29822656512260437,-1.3996505737304688,3.3905704021453857,83.8699951171875,27.29,5
-0.4075508713722229,-0.8559655547142029,0.2977423667907715,-1.0952568054199219,3.3906712532043457,83.8699951171875,27.29,5
-0.41268259286880493,-0.8515892624855042,0.297431617975235,-0.6061432361602783,3.390277147293091,83.91657257080078,27.29,5
-0.4159758388996124,-0.8487808108329773,0.2972322106361389,-0.13104237616062164,3.390024185180664,83.94646453857422,27.29,5
-0.41808927059173584,-0.846978485584259,0.29710423946380615,0.385221928358078,3.389861822128296,83.96564483642578,27.29,5
-0.41944554448127747,-0.8514196276664734,0.29702210426330566,0.9314851760864258,3.3897576332092285,83.97795104980469,27.29,5
-0.4203159213066101,-0.8542696833610535,0.2969694137573242,1.239054560661316,3.389690637588501,83.98584747314453,27.29,5
-0.4152767062187195,-0.8560987114906311,0.2969355881214142,1.1211682558059692,3.3896477222442627,83.99092102050781,27.29,5
-0.4120428264141083,-0.8516746759414673,0.29691389203071594,0.7230837941169739,3.389620304107666,83.99417114257812,27.29,5
-0.4099675118923187,-0.8488355875015259,0.2968999445438385,0.29565250873565674,3.3896026611328125,83.99626159667969,27.29,5
-0.408635675907135,-0.8470136523246765,0.302488774061203,-0.12195131927728653,3.3895912170410156,83.99760437011719,27.29,5
-0.4077809751033783,-0.8514422178268433,0.3004775941371918,-0.5726567506790161,3.3895840644836426,83.99845886230469,27.29,5
-0.40723249316215515,-0.8542841672897339,0.30478471517562866,-0.9407102465629578,3.3895792961120605,83.99900817871094,27.29,5
-0.4068804979324341,-0.8561080098152161,0.30195099115371704,-1.0765936374664307,3.3895761966705322,83.9993667602539,27.29,5
-0.40665462613105774,-0.8572784066200256,0.30013248324394226,-1.0813965797424316,3.3895742893218994,83.99959564208984,27.29,5
-0.406509667634964,-0.8580295443534851,0.2989654541015625,-1.1883735656738281,3.389573097229004,83.99974060058594,27.29,5
-0.406416654586792,-0.8529137969017029,0.2982165217399597,-1.4469016790390015,3.3895723819732666,83.99983215332031,27.29,5
-0.40635696053504944,-0.8552285432815552,0.29773589968681335,-1.7883564233779907,3.3895719051361084,83.99989318847656,27.29,5
-0.40631863474845886,-0.8567140698432922,0.2974274754524231,-2.2260193824768066,3.38773512840271,83.99993133544922,27.31,5
-0.406294047832489,-0.852069616317749,0.2972295582294464,-2.7684144973754883,3.386556386947632,83.99995422363281,27.31,5
-0.40627825260162354,-0.8490890264511108,0.29710254073143005,-3.3816030025482178,3.3857998847961426,83.99996948242188,27.31,5
-0.4062681198120117,-0.8527740836143494,0.2970210313796997,-4.126204490661621,3.385314464569092,83.9999771118164,27.31,5
-0.4062616229057312,-0.855138897895813,0.2969687283039093,-4.962304592132568,3.385002851486206,83.99998474121094,27.31,5
-0.4062574505805969,-0.8566564917564392,0.29693514108657837,-5.527525901794434,3.384803056716919,83.99999237060547,27.31,5
-0.40625476837158203,-0.8576304316520691,0.3025113642215729,-5.499751567840576,3.3846747875213623,83.99999237060547,27.31,5
-0.40625306963920593,-0.8582554459571838,0.3004921078681946,-5.00902795791626,3.3845925331115723,83.99999237060547,27.31,5
-0.4062519669532776,-0.8530587553977966,0.2991962432861328,-4.307191371917725,3.3808674812316895,83.99999237060547,27.31,5
-0.4062512516975403,-0.8553215861320496,0.29836463928222656,-3.401805877685547,3.378477096557617,83.99999237060547,27.31,5
-0.40625080466270447,-0.8567737340927124,0.2978309690952301,-2.3371338844299316,3.3769431114196777,83.99999237060547,27.31,5
-0.4062505066394806,-0.8577056527137756,0.2974884808063507,-1.367282748222351,3.3759586811065674,83.99999237060547,27.31,5
-0.40625032782554626,-0.8583037257194519,0.30286645889282227,-0.6159152984619141,3.3753268718719482,83.99999237060547,27.31,5
-0.4062502086162567,-0.8586875200271606,0.3007199764251709,0.05614553764462471,3.3749213218688965,83.99999237060547,27.31,5
-0.40625011920928955,-0.8589338064193726,0.30494025349617004,0.7310506701469421,3.3746612071990967,83.99999237060547,27.31,5
-0.40625008940696716,-0.8590918779373169,0.30764859914779663,1.2358174324035645,3.3744943141937256,83.99999237060547,27.31,5
-0.4062500596046448,-0.8591933250427246,0.3037888705730438,1.4271923303604126,3.3739278316497803,84.0501480102539,27.31,5
-0.4062500298023224,-0.8536606431007385,0.3069097101688385,1.4317808151245117,3.3735642433166504,84.08233642578125,27.31,5
-0.4062500298023224,-0.8501100540161133,0.3033146858215332,1.4598034620285034,3.37333083152771,84.10299682617188,27.31,5
-0.4006522595882416,-0.8534293174743652,0.30100762844085693,1.524360179901123,3.373181104660034,84.11625671386719,27.31,5
-0.39705991744995117,-0.8555594086647034,0.2995270788669586,1.490554928779602,3.3730850219726562,84.12476348876953,27.31,5
-0.394754558801651,-0.8513286113739014,0.2985769510269165,1.2933144569396973,3.373023271560669,84.13021850585938,27.31,5
-0.3764818012714386,-0.8486135005950928,0.29796722531318665,0.9840255379676819,3.372983694076538,84.13372039794922,27.31,5
-0.36475539207458496,-0.8468711376190186,0.2975759208202362,0.6744818687438965,3.3729584217071533,84.13597106933594,27.31,5
-0.3740233778953552,-0.8401551842689514,0.2973248064517975,0.49374744296073914,3.371565341949463,84.13741302490234,27.31,5
-0.3855687975883484,-0.8358452916145325,0.2971636652946472,0.5783867239952087,3.370671272277832,84.13833618164062,27.31,5
-0.3761846721172333,-0.8386772274971008,0.30825579166412354,0.9658828973770142,3.3700976371765137,84.13893127441406,27.31,5
-0.3701624870300293,-0.8404945731163025,0.31537407636642456,1.504744291305542,3.369729518890381,84.13931274414062,27.31,5
-0.36629778146743774,-0.8416608572006226,0.3199421763420105,1.9401187896728516,3.369493246078491,84.13955688476562,27.31,5
-0.3526220917701721,-0.8424093127250671,0.3172759711742401,2.1478655338287354,3.3693416118621826,84.13971710205078,27.31,5
-0.33824804425239563,-0.848487377166748,0.32116273045539856,2.20236873626709,3.369244337081909,84.13981628417969,27.31,5
-0.3290235996246338,-0.8411924242973328,0.3124614655971527,2.226598024368286,3.3691818714141846,84.13988494873047,27.31,5
-0.3287016749382019,-0.8477064967155457,0.3068774938583374,2.2385644912719727,3.3709778785705566,84.13992309570312,27.31,5
-0.3340928554534912,-0.8574845790863037,0.30889180302619934,2.163844585418701,3.3721303939819336,84.13995361328125,27.31,5
-0.32635703682899475,-0.8637596368789673,0.31578224897384644,2.001251459121704,3.3728702068328857,84.13996887207031,27.31,5
-0.3157948851585388,-0.8677865862846375,0.31460636854171753,1.846752405166626,3.373344898223877,84.13997650146484,27.31,5
-0.29782113432884216,-0.8759686350822449,0.3194495141506195,1.7010302543640137,3.3736495971679688,84.13998413085938,27.31,5
-0.26949331164360046,-0.8980126976966858,0.31136202812194824,1.4821240901947021,3.373845100402832,84.1399917602539,27.31,5
-0.24571636319160461,-0.906561553478241,0.3005741536617279,1.2126699686050415,3.3739705085754395,84.1399917602539,27.31,5
-0.22485990822315216,-0.9344388246536255,0.27685779333114624,1.0182543992996216,3.3740508556365967,84.1399917602539,27.31,5
-0.20027989149093628,-0.9467310905456543,0.2560402452945709,0.9149850606918335,3.3754796981811523,84.1399917602539,27.31,5
-0.20129917562007904,-0.9546195268630981,0.2146918624639511,0.7842264175415039,3.376396656036377,84.1399917602539,27.31,5
-0.16836664080619812,-0.9652796387672424,0.17136353254318237,0.5176016688346863,3.3769850730895996,84.1399917602539,27.31,5
-0.14723244309425354,-0.9609251618385315,0.12676458060741425,0.06347376108169556,3.3773624897003174,84.1399917602539,27.31,5
-0.10008308291435242,-1.008510708808899,0.05895911157131195,-0.5002350807189941,3.3776047229766846,84.1399917602539,27.31,5
-0.047434236854314804,-1.0558416843414307,0.009847692213952541,-0.9408076405525208,3.377760171890259,84.1399917602539,27.31,5
-0.01924501173198223,-1.0638248920440674,-0.021669190376996994,-0.9870917797088623,3.3778600692749023,84.1399917602539,27.31,5
-0.0011547912145033479,-1.0577524900436401,-0.05868823453783989,-0.5976329445838928,3.3779242038726807,84.1399917602539,27.31,5
0.01605224423110485,-1.0594533681869507,-0.08804269880056381,-0.025268882513046265,3.3798012733459473,84.1829833984375,27.31,5
0.027094729244709015,-1.1053270101547241,-0.1404673457145691,0.48534446954727173,3.3810060024261475,84.21057891845703,27.31,5
0.0397789366543293,-1.1291682720184326,-0.18530602753162384,0.9133387804031372,3.381779193878174,84.22828674316406,27.31,5
0.08710335195064545,-1.1388704776763916,-0.20848312973976135,1.2739827632904053,3.382275342941284,84.2396469116211,27.31,5
0.11187566071748734,-1.1674879789352417,-0.22335685789585114,1.494675636291504,3.3825936317443848,84.24694061279297,27.31,5
0.12217532843351364,-1.230635166168213,-0.2384997457265854,1.5610694885253906,3.382797956466675,84.25161743164062,27.31,5
0.14557838439941406,-1.2487683296203613,-0.21463093161582947,1.5965120792388916,3.3829290866851807,84.25462341308594,27.31,5
0.14380379021167755,-1.2995895147323608,-0.18251997232437134,1.690908670425415,3.3830132484436035,84.25655364990234,27.31,5
0.12587164342403412,-1.3322036266326904,-0.15071745216846466,1.7908952236175537,3.3780179023742676,84.2577896118164,27.31,5
0.14235270023345947,-1.291558027267456,-0.11351510882377625,1.8407305479049683,3.374812364578247,84.25858306884766,27.31,5
0.14733150601387024,-1.243082880973816,-0.07844523340463638,1.9121203422546387,3.3727550506591797,84.25909423828125,27.31,5
0.10014665126800537,-1.2511587142944336,-0.03914608806371689,2.0725765228271484,3.3714349269866943,84.2594223022461,27.31,5
0.06426835805177689,-1.2619391679763794,-0.008328382857143879,2.2973556518554688,3.3705875873565674,84.25962829589844,27.31,5
0.05243927985429764,-1.1848907470703125,0.039437517523765564,2.53117036819458,3.370043992996216,84.259765625,27.31,5
0.03925028443336487,-1.1018589735031128,0.058895375579595566,2.724210023880005,3.3696951866149902,84.25984954833984,27.31,5
0.04198189824819565,-1.0093895196914673,0.0713823065161705,2.8194313049316406,3.369471311569214,84.25990295410156,27.31,5
0.06612598896026611,-0.8996679186820984,0.07379792630672455,2.866208553314209,3.3624415397644043,84.25994110107422,27.31,5
0.08721804618835449,-0.8460482358932495,0.0697503611445427,3.053860902786255,3.3579301834106445,84.25996398925781,27.31,5
0.10635149478912354,-0.7780515551567078,0.05595731735229492,3.4608912467956543,3.3550350666046143,84.25997924804688,27.31,5
0.1018369123339653,-0.7232196927070618,0.03591018542647362,3.8224120140075684,3.353177070617676,84.2599868774414,27.31,5
0.09893971681594849,-0.6768361926078796,0.028642864897847176,3.8322956562042236,3.351984739303589,84.25999450683594,27.31,5
0.09708046168088913,-0.630276620388031,0.01838134229183197,3.6021883487701416,3.351219654083252,84.25999450683594,27.31,5
0.10148507356643677,-0.6507773399353027,0.00619831308722496,3.4151103496551514,3.3507285118103027,84.25999450683594,27.31,5
0.09871392697095871,-0.6415424346923828,0.0039777206256985664,3.2054901123046875,3.3504133224487305,84.25999450683594,27.31,5
0.07454446703195572,-0.6356160044670105,-0.008642876520752907,2.673302173614502,3.355720043182373,84.25999450683594,27.31,5
0.053436122834682465,-0.6486060619354248,-0.022339824587106705,1.7370668649673462,3.3591256141662598,84.25999450683594,27.31,5
0.023096678778529167,-0.6233556866645813,-0.031129736453294754,0.43406015634536743,3.361311197280884,84.25999450683594,27.31,5
-0.013166753575205803,-0.6127492189407349,-0.031172821298241615,-1.405255675315857,3.3627138137817383,84.25999450683594,27.31,5
-0.030840761959552765,-0.7011047601699829,-0.03679824620485306,-3.9470014572143555,3.3636138439178467,84.25999450683594,27.31,5
-0.030987374484539032,-0.7857951521873474,-0.023614997044205666,-7.014760494232178,3.3641915321350098,84.25999450683594,27.31,5
-0.04787478595972061,-0.823351263999939,0.0016385767376050353,-10.262451171875,3.3645620346069336,84.25999450683594,27.31,5
-0.09229879826307297,-0.8362570405006409,0.05702928826212883,-13.43931770324707,3.364799976348877,84.25999450683594,27.31,5
-0.10401424765586853,-0.8501369953155518,0.1037714034318924,-16.205310821533203,3.389281749725342,84.29940795898438,27.31,5
-0.09473922848701477,-0.8478488326072693,0.1449633538722992,-18.080678939819336,3.4049928188323975,84.32469940185547,27.31,5
-0.044004861265420914,-0.8295870423316956,0.16580019891262054,-18.904428482055664,3.4150753021240234,84.34092712402344,27.31,5
-0.01704423874616623,-0.8010743856430054,0.179172083735466,-18.992406845092773,3.4215457439422607,84.3513412475586,27.31,5
-0.06691575050354004,-0.7715810537338257,0.17096006870269775,-18.54372215270996,3.4256980419158936,84.35802459716797,27.31,5
-0.11571374535560608,-0.7190672755241394,0.160092294216156,-17.277740478515625,3.4283628463745117,84.36231231689453,27.31,5
-0.15262725949287415,-0.6853669881820679,0.069151371717453,-14.896137237548828,3.430072784423828,84.36506652832031,27.31,5
-0.1707184612751007,-0.8204777240753174,-0.050784796476364136,-11.655290603637695,3.4311702251434326,84.36683654785156,27.31,5
-0.07037285715341568,-1.243050456047058,-0.17253512144088745,-8.106645584106445,3.4713523387908936,84.36797332763672,27.31,5
0.08918533474206924,-1.5142333507537842,-0.39620959758758545,-4.49661111831665,3.4971389770507812,84.36869812011719,27.31,5
0.1915806084871292,-1.6434807777404785,-0.5901309847831726,-0.7504509091377258,3.5136871337890625,84.3691635131836,27.31,5
0.20131425559520721,-1.6592509746551514,-0.5746341943740845,3.1583006381988525,3.5243070125579834,84.36946105957031,27.31,5
0.2859295904636383,-1.6637736558914185,-0.5926781296730042,7.006595611572266,3.5311222076416016,84.3696517944336,27.31,5
0.4185996651649475,-1.5827094316482544,-0.6042577028274536,10.353940963745117,3.5354957580566406,84.3697738647461,27.31,5
0.4645552635192871,-1.4467204809188843,-0.5333199501037598,12.752854347229004,3.538302421569824,84.36985778808594,27.31,5
0.46605804562568665,-1.3258639574050903,-0.443013995885849,14.202775001525879,3.5401036739349365,84.36991119384766,27.31,5
0.38865360617637634,-1.1867296695709229,-0.32908308506011963,15.158329010009766,3.551358938217163,84.36994171142578,27.27,5
0.27180659770965576,-1.019072413444519,-0.21118658781051636,15.757217407226562,3.558581829071045,84.36996459960938,27.27,5
0.18002760410308838,-0.8778929710388184,-0.12992961704730988,15.468025207519531,3.5632171630859375,84.36997985839844,27.27,5
0.1211291253566742,-0.7816943526268005,-0.08338134735822678,14.0357027053833,3.5661916732788086,84.36998748779297,27.27,5
0.06653815507888794,-0.7479485273361206,-0.05350935086607933,12.18146800994873,3.568100690841675,84.3699951171875,27.27,5
0.020309260115027428,-0.7654768228530884,-0.023143671452999115,10.815980911254883,3.5693256855010986,84.3699951171875,27.27,5
-0.0037600097712129354,-0.7991165518760681,-0.026047825813293457,10.15106201171875,3.5701117515563965,84.3699951171875,27.27,5
-0.04719515144824982,-0.8990734219551086,-0.03350931778550148,9.853327751159668,3.5706162452697754,84.3699951171875,27.27,5
-0.11985152214765549,-0.9632200002670288,-0.03829767554998398,9.59419059753418,3.6173036098480225,84.3699951171875,27.27,5
-0.17767374217510223,-0.9316145181655884,-0.018979469314217567,9.29533576965332,3.6472647190093994,84.3699951171875,27.27,5
-0.1923896223306656,-0.8441586494445801,0.03260226547718048,9.09996509552002,3.666492223739624,84.3699951171875,27.27,5
-0.20183342695236206,-0.7656434178352356,0.04331335425376892,8.902935981750488,3.6788313388824463,84.3699951171875,27.27,5
-0.17990504205226898,-0.7152568697929382,0.044589340686798096,8.19611644744873,3.6867496967315674,84.3699951171875,27.27,5
-0.1490393429994583,-0.7612904906272888,0.06779929250478745,6.868371963500977,3.691831350326538,84.3699951171875,27.27,5
-0.15162260830402374,-0.8132233023643494,0.07709632813930511,5.503993988037109,3.6950924396514893,84.3699951171875,27.27,5
-0.1644759625196457,-0.9193218946456909,0.08306263387203217,4.452868461608887,3.6971852779388428,84.3699951171875,27.27,5
-0.17272450029850006,-0.9482254385948181,0.10368479043245316,3.434389352798462,3.7343339920043945,84.41657257080078,27.27,5
-0.17801792919635773,-0.9555785059928894,0.1225166767835617,2.29714035987854,3.758173942565918,84.44646453857422,27.27,5
-0.21500159800052643,-0.9658950567245483,0.11780857294797897,1.1660709381103516,3.773473024368286,84.46564483642578,27.27,5
-0.2275400459766388,-0.966917872428894,0.11478718370199203,-0.07567516714334488,3.7832911014556885,84.47795104980469,27.27,5
-0.19640207290649414,-0.956378698348999,0.1296415477991104,-1.4493510723114014,3.7895917892456055,84.48584747314453,27.27,5
-0.1876150667667389,-0.9440174698829651,0.139174222946167,-2.388218402862549,3.793635129928589,84.49092102050781,27.27,5
-0.19317162036895752,-0.9248892068862915,0.1508895307779312,-2.639636993408203,3.7962300777435303,84.49417114257812,27.27,5
-0.21353082358837128,-0.9294071197509766,0.15840773284435272,-3.259552478790283,3.7978951930999756,84.49626159667969,27.27,5
-0.22099840641021729,-0.9323064684867859,0.1576347053050995,-5.584804534912109,3.814112424850464,84.49760437011719,27.27,5
-0.21459512412548065,-0.9397648572921753,0.1515408456325531,-9.258806228637695,3.824519634246826,84.49845886230469,27.27,5
-0.20488809049129486,-0.9445512294769287,0.14763015508651733,-12.354578971862793,3.8311984539031982,84.49900817871094,27.27,5
-0.20985423028469086,-0.9476228356361389,0.15071828663349152,-13.431293487548828,3.835484504699707,84.4993667602539,27.27,5
-0.1290745884180069,-0.9775828719139099,0.1582978367805481,-12.667741775512695,3.8382351398468018,84.49959564208984,27.27,5
-0.15000593662261963,-0.985614001750946,0.163161963224411,-11.586612701416016,3.8400001525878906,84.49974060058594,27.27,5
-0.16903623938560486,-0.9459856748580933,0.1662834733724594,-12.34375,3.841132879257202,84.49983215332031,27.27,5
-0.16445547342300415,-0.9653367400169373,0.13470003008842468,-15.670619010925293,3.841859817504883,84.49989318847656,27.27,5
-0.20629799365997314,-0.9329729080200195,0.13682270050048828,-18.966367721557617,3.8583931922912598,84.49993133544922,27.27,5
-0.19956347346305847,-0.9233992099761963,0.1605760008096695,-18.491186141967773,3.8690032958984375,84.49995422363281,27.27,5
-0.17285054922103882,-0.9396464824676514,0.1702217310667038,-13.829830169677734,3.875812292098999,84.49996948242188,27.27,5
-0.20048992335796356,-0.9220841526985168,0.17641180753707886,-7.84699010848999,3.8801817893981934,84.4999771118164,27.27,5
-0.21822728216648102,-0.9499980807304382,0.18598200380802155,-2.6640818119049072,3.882986068725586,84.49998474121094,27.27,5
-0.2240123301744461,-0.9511183500289917,0.19772139191627502,1.8514255285263062,3.8847856521606445,84.49999237060547,27.27,5
-0.25571370124816895,-0.9630327820777893,0.19405950605869293,6.15358829498291,3.8859405517578125,84.49999237060547,27.27,5
-0.27605780959129333,-0.9202988147735596,0.18611173331737518,10.046562194824219,3.88668155670166,84.49999237060547,27.27,5
-0.2611246407032013,-0.8648857474327087,0.2257935106754303,13.433327674865723,3.905059576034546,84.49999237060547,27.27,5
-0.22915028035640717,-0.8853026032447815,0.256856769323349,16.219379425048828,3.916853427886963,84.49999237060547,27.27,5
-0.19183765351772308,-0.8704160451889038,0.27679136395454407,17.516494750976562,3.924422264099121,84.49999237060547,27.27,5
-0.18468588590621948,-0.9000471830368042,0.300779789686203,16.31758689880371,3.929279327392578,84.49999237060547,27.27,5
-0.19129183888435364,-0.9022693634033203,0.38894525170326233,13.083385467529297,3.932396411895752,84.49999237060547,27.27,5
-0.22352002561092377,-0.8924999237060547,0.37835147976875305,9.463770866394043,3.934396743774414,84.49999237060547,27.27,5
-0.24420222640037537,-0.8918282389640808,0.3659552335739136,6.377822399139404,3.935680389404297,84.49999237060547,27.27,5
